CCRs	phastConsElements100way	phastConsElements46way	Gnomad_exomes_AF	Gnomad_exomes_hetf	Gnomad_exomes_homf	Gnomad_exomes_wtf	SecondaryBetaStrand	SecondaryHelix	SecondaryTurn	VWFC_domain	FibrillarCollagen_NC1_domain	N-terminal_region	Triple-helical_region	C-terminal_region	CellAttachmentSite_motif	Mutype_delLT10bp	Mutype_delGT10bp	Mutype_Gly-Ala	Mutype_Gly-Arg	Mutype_Gly-Asp	Mutype_Gly-Cys	Mutype_Gly-Glu	Mutype_Gly-Ser	Mutype_Gly-Val	Mutype_insLT10bp	Mutype_insGT10bp	Mutype_non_GLY	nonsense	exonic	splicing	intronic	frameshift	nonframeshift	nonsynonymous	startloss	stopgain	synonymous	tags
49.971692032	545.0	698.0	0.0	0.0	0.0	1.0	0	0	0	0	1	0	0	0	0	1	0	0	0	0	0	0	0	0	0	0	0	0	1	0	0	1	0	0	0	0	0	0
0.0	520.0	698.0	0.0	0.0	0.0	1.0	0	0	0	0	1	0	0	0	0	1	0	0	0	0	0	0	0	0	0	0	0	0	0	1	0	0	0	0	0	0	0	0
51.611233414	340.0	739.0	0.0	0.0	0.0	1.0	1	0	0	0	1	0	0	0	0	1	0	0	0	0	0	0	0	0	0	0	0	0	1	0	0	0	1	0	0	0	0	0
9.470233251	466.0	739.0	0.0	0.0	0.0	1.0	0	0	0	0	1	0	0	0	0	1	0	0	0	0	0	0	0	0	0	0	0	0	1	0	0	0	1	0	0	0	0	1
90.45023435799999	499.0	563.0	0.0	0.0	0.0	1.0	0	0	0	0	1	0	0	0	0	1	0	0	0	0	0	0	0	0	0	0	0	0	1	0	0	1	0	0	0	0	0	0
23.536853263	514.0	707.0	0.0	0.0	0.0	1.0	0	1	0	0	1	0	0	0	0	1	0	0	0	0	0	0	0	0	0	0	0	0	1	0	0	1	0	0	0	0	0	0
60.305113115	445.0	707.0	0.0	0.0	0.0	1.0	0	0	0	0	0	0	0	1	0	1	0	0	0	0	0	0	0	0	0	0	0	0	1	0	0	1	0	0	0	0	0	0
60.305113115		707.0	0.0	0.0	0.0	1.0	0	0	0	0	0	0	0	1	0	1	0	0	0	0	0	0	0	0	0	0	0	0	1	0	0	1	0	0	0	0	0	1
95.774901864	456.0	613.0	0.0	0.0	0.0	1.0	0	0	0	0	0	0	1	0	0	1	0	0	0	0	0	0	0	0	0	0	0	0	1	0	0	1	0	0	0	0	0	0
0.0			0.0	0.0	0.0	1.0	0	0	0	0	0	0	1	0	0	1	0	0	0	0	0	0	0	0	0	0	0	0	0	0	0	0	0	0	0	0	0	0
0.0			0.0	0.0	0.0	1.0	0	0	0	0	0	0	1	0	0	1	0	0	0	0	0	0	0	0	0	0	0	0	0	0	0	0	0	0	0	0	0	0
0.0	421.0	657.0	0.0	0.0	0.0	1.0	0	0	0	0	0	0	1	0	0	1	0	0	0	0	0	0	0	0	0	0	0	0	0	1	0	0	0	0	0	0	0	0
45.49301693	387.0	657.0	0.0	0.0	0.0	1.0	0	0	0	0	0	0	1	0	0	1	0	0	0	0	0	0	0	0	0	0	0	0	1	0	0	0	1	0	0	0	0	1
49.971692032	366.0	657.0	0.0	0.0	0.0	1.0	0	0	0	0	0	0	1	0	0	1	0	0	0	0	0	0	0	0	0	0	0	0	1	0	0	0	1	0	0	0	0	1
49.971692032	426.0	657.0	0.0	0.0	0.0	1.0	0	0	0	0	0	0	1	0	0	1	0	0	0	0	0	0	0	0	0	0	0	0	1	0	0	0	1	0	0	0	0	1
40.419553073	426.0	657.0	0.0	0.0	0.0	1.0	0	0	0	0	0	0	1	0	0	1	0	0	0	0	0	0	0	0	0	0	0	0	1	0	0	0	1	0	0	0	0	1
49.971692032	476.0	574.0	0.0	0.0	0.0	1.0	0	0	0	0	0	0	1	0	0	1	0	0	0	0	0	0	0	0	0	0	0	0	1	0	0	0	1	0	0	0	0	1
93.405074345	598.0	625.0	0.0	0.0	0.0	1.0	0	0	0	0	0	0	1	0	0	1	0	0	0	0	0	0	0	0	0	0	0	0	1	0	0	1	0	0	0	0	0	0
62.390150711000004	565.0	572.0	0.0	0.0	0.0	1.0	0	0	0	0	0	0	1	0	0	1	0	0	0	0	0	0	0	0	0	0	0	0	1	0	0	1	0	0	0	0	0	1
86.80917429600001	505.0	633.0	0.0	0.0	0.0	1.0	0	0	0	0	0	0	1	0	0	1	0	0	0	0	0	0	0	0	0	0	0	0	1	0	0	0	0	1	0	0	0	0
93.258357279	330.0	419.0	0.0	0.0	0.0	1.0	0	0	0	0	0	0	1	0	0	1	0	0	0	0	0	0	0	0	0	0	0	0	1	0	0	1	0	0	0	0	0	0
64.33106693		419.0	0.0	0.0	0.0	1.0	0	0	0	0	0	0	1	0	0	1	0	0	0	0	0	0	0	0	0	0	0	0	1	0	0	1	0	0	0	0	0	0
89.12309747	467.0	512.0	0.0	0.0	0.0	1.0	0	0	0	0	0	0	1	0	0	1	0	0	0	0	0	0	0	0	0	0	0	0	1	0	0	1	0	0	0	0	0	0
93.824270006	491.0	607.0	0.0	0.0	0.0	1.0	0	0	0	0	0	0	1	0	0	1	0	0	0	0	0	0	0	0	0	0	0	0	1	0	0	0	0	0	0	1	0	0
23.536853263	351.0	565.0	0.0	0.0	0.0	1.0	0	0	0	0	0	0	1	0	0	1	0	0	0	0	0	0	0	0	0	0	0	0	1	0	0	0	1	0	0	0	0	0
98.74846153899999	487.0	540.0	0.0	0.0	0.0	1.0	0	0	0	0	0	0	1	0	0	1	0	0	0	0	0	0	0	0	0	0	0	0	1	0	0	1	0	0	0	0	0	0
34.893533698	404.0	673.0	0.0	0.0	0.0	1.0	0	0	0	0	0	0	1	0	0	1	0	0	0	0	0	0	0	0	0	0	0	0	1	0	0	1	0	0	0	0	0	0
40.419553073	508.0	513.0	0.0	0.0	0.0	1.0	0	0	0	0	0	0	1	0	0	1	0	0	0	0	0	0	0	0	0	0	0	0	1	0	0	1	0	0	0	0	0	0
6.586176324	413.0	436.0	0.0	0.0	0.0	1.0	0	0	0	0	0	0	1	0	0	1	0	0	0	0	0	0	0	0	0	0	0	0	1	0	0	1	0	0	0	0	0	0
6.586176324	496.0	561.0	0.0	0.0	0.0	1.0	0	0	0	0	0	0	1	0	0	1	0	0	0	0	0	0	0	0	0	0	0	0	1	0	0	0	1	0	0	0	0	1
62.390150711000004	544.0	578.0	0.0	0.0	0.0	1.0	0	0	0	0	0	0	1	0	0	1	0	0	0	0	0	0	0	0	0	0	0	0	1	0	0	1	0	0	0	0	0	0
69.632979706	494.0	610.0	0.0	0.0	0.0	1.0	0	0	0	0	0	0	1	0	0	1	0	0	0	0	0	0	0	0	0	0	0	0	1	0	0	1	0	0	0	0	0	0
40.419553073	432.0	407.0	0.0	0.0	0.0	1.0	0	0	0	0	0	0	0	0	0	1	0	0	0	0	0	0	0	0	0	0	0	0	1	0	0	1	0	0	0	0	0	0
29.049413061	766.0	728.0	0.0	0.0	0.0	1.0	0	0	0	0	0	0	0	0	0	1	0	0	0	0	0	0	0	0	0	0	0	0	1	0	0	0	1	0	0	0	0	1
23.536853263	560.0	698.0	0.0	0.0	0.0	1.0	0	0	0	0	1	0	0	0	0	1	0	0	0	0	0	0	0	0	0	0	0	0	1	0	0	1	0	0	0	0	0	0
23.536853263	641.0	698.0	0.0	0.0	0.0	1.0	0	1	0	0	1	0	0	0	0	1	0	0	0	0	0	0	0	0	0	0	0	0	1	0	0	1	0	0	0	0	0	1
18.327071268	499.0	485.0	0.0	0.0	0.0	1.0	0	0	0	0	1	0	0	0	0	1	0	0	0	0	0	0	0	0	0	0	0	0	1	0	0	1	0	0	0	0	0	1
90.45023435799999	680.0	739.0	0.0	0.0	0.0	1.0	1	0	0	0	1	0	0	0	0	1	0	0	0	0	0	0	0	0	0	0	0	0	1	0	0	1	0	0	0	0	0	1
68.865165245	680.0	739.0	0.0	0.0	0.0	1.0	0	1	0	0	1	0	0	0	0	1	0	0	0	0	0	0	0	0	0	0	0	0	1	0	0	0	0	0	0	1	0	0
40.419553073	555.0	627.0	0.0	0.0	0.0	1.0	0	1	0	0	1	0	0	0	0	1	0	0	0	0	0	0	0	0	0	0	0	0	1	0	0	1	0	0	0	0	0	0
6.586176324	520.0	467.0	0.0	0.0	0.0	1.0	0	0	0	0	1	0	0	0	0	1	0	0	0	0	0	0	0	0	0	0	0	0	1	0	0	1	0	0	0	0	0	0
34.893533698	520.0	467.0	0.0	0.0	0.0	1.0	1	0	0	0	1	0	0	0	0	1	0	0	0	0	0	0	0	0	0	0	0	0	1	0	0	1	0	0	0	0	0	0
67.818940919	460.0	707.0	0.0	0.0	0.0	1.0	0	0	0	0	0	0	0	1	0	1	0	0	0	0	0	0	0	0	0	0	0	0	1	0	0	1	0	0	0	0	0	0
60.305113115	295.0	707.0	0.0	0.0	0.0	1.0	0	0	0	0	0	0	0	1	0	1	0	0	0	0	0	0	0	0	0	0	0	0	1	0	0	1	0	0	0	0	0	0
65.85821336800001	388.0	707.0	0.0	0.0	0.0	1.0	0	0	0	0	0	0	1	0	0	1	0	0	0	0	0	0	0	0	0	0	0	0	1	0	0	1	0	0	0	0	0	0
65.85821336800001	418.0	707.0	0.0	0.0	0.0	1.0	0	0	0	0	0	0	1	0	0	1	0	0	0	0	0	0	0	0	0	0	0	0	1	0	0	1	0	0	0	0	0	0
70.35587096100001	430.0	707.0	0.0	0.0	0.0	1.0	0	0	0	0	0	0	1	0	0	1	0	0	0	0	0	0	0	0	0	0	0	0	1	0	0	1	0	0	0	0	0	0
96.496167781	556.0	586.0	0.0	0.0	0.0	1.0	0	0	0	0	0	0	1	0	0	1	0	0	0	0	0	0	0	0	0	0	0	0	1	0	0	1	0	0	0	0	0	0
95.774901864	456.0	613.0	0.0	0.0	0.0	1.0	0	0	0	0	0	0	1	0	0	1	0	0	0	0	0	0	0	0	0	0	0	0	1	0	0	1	0	0	0	0	0	0
56.62124036	456.0	613.0	0.0	0.0	0.0	1.0	0	0	0	0	0	0	1	0	0	1	0	0	0	0	0	0	0	0	0	0	0	0	1	0	0	1	0	0	0	0	0	0
88.155904187			0.0	0.0	0.0	1.0	0	0	0	0	0	0	1	0	0	1	0	0	0	0	0	0	0	0	0	0	0	0	1	0	0	1	0	0	0	0	0	0
34.893533698	387.0	657.0	0.0	0.0	0.0	1.0	0	0	0	0	0	0	1	0	0	1	0	0	0	0	0	0	0	0	0	0	0	0	1	0	0	1	0	0	0	0	0	0
70.35587096100001	390.0	566.0	0.0	0.0	0.0	1.0	0	0	0	0	0	0	1	0	0	1	0	0	0	0	0	0	0	0	0	0	0	0	1	0	0	1	0	0	0	0	0	0
65.85821336800001	443.0	566.0	0.0	0.0	0.0	1.0	0	0	0	0	0	0	1	0	0	1	0	0	0	0	0	0	0	0	0	0	0	0	1	0	0	1	0	0	0	0	0	0
40.419553073	439.0	611.0	0.0	0.0	0.0	1.0	0	0	0	0	0	0	1	0	0	1	0	0	0	0	0	0	0	0	0	0	0	0	1	0	0	1	0	0	0	0	0	0
40.419553073	486.0	611.0	0.0	0.0	0.0	1.0	0	0	0	0	0	0	1	0	0	1	0	0	0	0	0	0	0	0	0	0	0	0	1	0	0	1	0	0	0	0	0	0
96.20772691299999	423.0	647.0	0.0	0.0	0.0	1.0	0	0	0	0	0	0	1	0	0	1	0	0	0	0	0	0	0	0	0	0	0	0	1	0	0	1	0	0	0	0	0	0
40.419553073	312.0	425.0	0.0	0.0	0.0	1.0	0	0	0	0	0	0	1	0	0	1	0	0	0	0	0	0	0	0	0	0	0	0	1	0	0	1	0	0	0	0	0	0
78.081684064	487.0	568.0	0.0	0.0	0.0	1.0	0	0	0	0	0	0	1	0	0	1	0	0	0	0	0	0	0	0	0	0	0	0	1	0	0	1	0	0	0	0	0	0
90.02434327600001	490.0	614.0	0.0	0.0	0.0	1.0	0	0	0	0	0	0	1	0	0	1	0	0	0	0	0	0	0	0	0	0	0	0	1	1	0	0	0	0	0	0	1	0
90.02434327600001	490.0	614.0	0.0	0.0	0.0	1.0	0	0	0	0	0	0	1	0	0	1	0	0	0	0	0	0	0	0	0	0	0	0	1	0	0	1	0	0	0	0	0	0
88.519474479	414.0	472.0	0.0	0.0	0.0	1.0	0	0	0	0	0	0	1	0	0	1	0	0	0	0	0	0	0	0	0	0	0	0	1	0	0	1	0	0	0	0	0	0
88.519474479	356.0	472.0	0.0	0.0	0.0	1.0	0	0	0	0	0	0	1	0	0	1	0	0	0	0	0	0	0	0	0	0	0	0	1	0	0	1	0	0	0	0	0	0
34.893533698	377.0	647.0	0.0	0.0	0.0	1.0	0	0	0	0	0	0	1	0	0	1	0	0	0	0	0	0	0	0	0	0	0	0	1	0	0	1	0	0	0	0	0	0
40.419553073	496.0	611.0	0.0	0.0	0.0	1.0	0	0	0	0	0	0	1	0	0	1	0	0	0	0	0	0	0	0	0	0	0	0	1	1	0	0	0	0	0	0	1	0
40.419553073	496.0	611.0	0.0	0.0	0.0	1.0	0	0	0	0	0	0	1	0	0	1	0	0	0	0	0	0	0	0	0	0	0	0	1	0	0	1	0	0	0	0	0	0
89.83264235600001	500.0	611.0	0.0	0.0	0.0	1.0	0	0	0	0	0	0	1	0	0	1	0	0	0	0	0	0	0	0	0	0	0	0	1	0	0	1	0	0	0	0	0	0
89.83264235600001	330.0	611.0	0.0	0.0	0.0	1.0	0	0	0	0	0	0	1	0	0	1	0	0	0	0	0	0	0	0	0	0	0	0	1	0	0	1	0	0	0	0	0	0
23.536853263	471.0	584.0	0.0	0.0	0.0	1.0	0	0	0	0	0	0	1	0	0	1	0	0	0	0	0	0	0	0	0	0	0	0	1	0	0	1	0	0	0	0	0	0
54.819953602	458.0	584.0	0.0	0.0	0.0	1.0	0	0	0	0	0	0	1	0	0	1	0	0	0	0	0	0	0	0	0	0	0	0	1	0	0	1	0	0	0	0	0	0
40.419553073	516.0	590.0	0.0	0.0	0.0	1.0	0	0	0	0	0	0	1	0	0	1	0	0	0	0	0	0	0	0	0	0	0	0	1	0	0	1	0	0	0	0	0	0
0.0	395.0	505.0	0.0	0.0	0.0	1.0	0	0	0	0	0	0	1	0	0	1	0	0	0	0	0	0	0	0	0	0	0	0	1	0	0	1	0	0	0	0	0	0
8.652841942		505.0	0.0	0.0	0.0	1.0	0	0	0	0	0	0	1	0	0	1	0	0	0	0	0	0	0	0	0	0	0	0	1	0	0	1	0	0	0	0	0	0
72.78683867699999	506.0	583.0	0.0	0.0	0.0	1.0	0	0	0	0	0	0	1	0	0	1	0	0	0	0	0	0	0	0	0	0	0	0	1	0	0	1	0	0	0	0	0	0
88.369559298	474.0	583.0	0.0	0.0	0.0	1.0	0	0	0	0	0	0	1	0	0	1	0	0	0	0	0	0	0	0	0	0	0	0	1	0	0	1	0	0	0	0	0	0
34.893533698		599.0	0.0	0.0	0.0	1.0	0	0	0	0	0	0	1	0	0	1	0	0	0	0	0	0	0	0	0	0	0	0	1	0	0	1	0	0	0	0	0	0
23.536853263	385.0	607.0	0.0	0.0	0.0	1.0	0	0	0	0	0	0	1	0	0	1	0	0	0	0	0	0	0	0	0	0	0	0	1	0	0	1	0	0	0	0	0	0
49.971692032	368.0	458.0	0.0	0.0	0.0	1.0	0	0	0	0	0	0	1	0	0	1	0	0	0	0	0	0	0	0	0	0	0	0	1	0	0	1	0	0	0	0	0	0
49.971692032	375.0	565.0	0.0	0.0	0.0	1.0	0	0	0	0	0	0	1	0	0	1	0	0	0	0	0	0	0	0	0	0	0	0	1	0	0	1	0	0	0	0	0	0
16.534934111	320.0	437.0	0.0	0.0	0.0	1.0	0	0	0	0	0	0	1	0	0	1	0	0	0	0	0	0	0	0	0	0	0	0	1	0	0	1	0	0	0	0	0	0
16.534934111	320.0	437.0	0.0	0.0	0.0	1.0	0	0	0	0	0	0	1	0	0	1	0	0	0	0	0	0	0	0	0	0	0	0	1	0	0	1	0	0	0	0	0	0
76.530214162	475.0	656.0	0.0	0.0	0.0	1.0	0	0	0	0	0	0	1	0	0	1	0	0	0	0	0	0	0	0	0	0	0	0	1	0	0	1	0	0	0	0	0	0
98.74846153899999	526.0	533.0	0.0	0.0	0.0	1.0	0	0	0	0	0	0	1	0	0	1	0	0	0	0	0	0	0	0	0	0	0	0	1	0	0	1	0	0	0	0	0	0
94.624263731	479.0	605.0	0.0	0.0	0.0	1.0	0	0	0	0	0	0	1	0	0	1	0	0	0	0	0	0	0	0	0	0	0	0	1	0	0	1	0	0	0	0	0	0
98.374690433	525.0	673.0	0.0	0.0	0.0	1.0	0	0	0	0	0	0	1	0	0	1	0	0	0	0	0	0	0	0	0	0	0	0	1	0	0	1	0	0	0	0	0	0
0.9025881240000001		673.0	0.0	0.0	0.0	1.0	0	0	0	0	0	0	1	0	0	1	0	0	0	0	0	0	0	0	0	0	0	0	1	0	0	1	0	0	0	0	0	0
6.586176324	535.0	673.0	0.0	0.0	0.0	1.0	0	0	0	0	0	0	1	0	0	1	0	0	0	0	0	0	0	0	0	0	0	0	1	0	0	1	0	0	0	0	0	0
34.893533698	565.0	637.0	0.0	0.0	0.0	1.0	0	0	0	0	0	0	1	0	0	1	0	0	0	0	0	0	0	0	0	0	0	0	1	0	0	1	0	0	0	0	0	0
34.893533698	565.0	637.0	0.0	0.0	0.0	1.0	0	0	0	0	0	0	1	0	0	1	0	0	0	0	0	0	0	0	0	0	0	0	1	0	0	1	0	0	0	0	0	0
40.419553073	508.0	513.0	0.0	0.0	0.0	1.0	0	0	0	0	0	0	1	0	0	1	0	0	0	0	0	0	0	0	0	0	0	0	1	0	0	1	0	0	0	0	0	0
0.0	415.0	436.0	0.0	0.0	0.0	1.0	0	0	0	0	0	0	1	0	0	1	0	0	0	0	0	0	0	0	0	0	0	0	0	0	1	0	0	0	0	0	0	1
91.03645572200001	559.0	606.0	0.0	0.0	0.0	1.0	0	0	0	0	0	0	1	0	0	1	0	0	0	0	0	0	0	0	0	0	0	0	1	0	0	1	0	0	0	0	0	0
65.85821336800001	486.0	607.0	0.0	0.0	0.0	1.0	0	0	0	0	0	0	1	0	0	1	0	0	0	0	0	0	0	0	0	0	0	0	1	0	0	1	0	0	0	0	0	0
69.632979706	337.0	610.0	0.0	0.0	0.0	1.0	0	0	0	0	0	0	1	0	0	1	0	0	0	0	0	0	0	0	0	0	0	0	1	0	0	1	0	0	0	0	0	0
69.632979706	337.0	610.0	0.0	0.0	0.0	1.0	0	0	0	0	0	0	1	0	0	1	0	0	0	0	0	0	0	0	0	0	0	0	1	0	0	1	0	0	0	0	0	0
34.893533698	506.0	601.0	0.0	0.0	0.0	1.0	0	0	0	0	0	0	1	0	0	1	0	0	0	0	0	0	0	0	0	0	0	0	1	0	0	1	0	0	0	0	0	0
68.865165245	488.0	615.0	0.0	0.0	0.0	1.0	0	0	0	0	0	1	0	0	0	1	0	0	0	0	0	0	0	0	0	0	0	0	1	0	0	1	0	0	0	0	0	0
67.96866607300001	526.0	615.0	0.0	0.0	0.0	1.0	0	0	0	0	0	0	0	0	0	1	0	0	0	0	0	0	0	0	0	0	0	0	1	0	0	1	0	0	0	0	0	0
0.0	427.0	533.0	0.0	0.0	0.0	1.0	0	0	0	0	0	0	0	0	0	1	0	0	0	0	0	0	0	0	0	0	0	0	1	0	0	1	0	0	0	0	0	0
0.0	295.0	574.0	0.0	0.0	0.0	1.0	0	0	0	0	0	0	0	0	0	1	0	0	0	0	0	0	0	0	0	0	0	0	1	0	0	1	0	0	0	0	0	0
13.023500809000002	525.0	574.0	0.0	0.0	0.0	1.0	0	0	0	0	0	0	0	0	0	1	0	0	0	0	0	0	0	0	0	0	0	0	1	0	0	1	0	0	0	0	0	0
74.120032172	452.0		0.0	0.0	0.0	1.0	0	0	0	1	0	0	0	0	0	1	0	0	0	0	0	0	0	0	0	0	0	0	1	0	0	1	0	0	0	0	0	0
62.390150711000004	545.0	698.0	0.0	0.0	0.0	1.0	0	0	0	0	1	0	0	0	0	0	1	0	0	0	0	0	0	0	0	0	0	0	1	0	0	1	0	0	0	0	0	0
90.45023435799999	502.0	563.0	0.0	0.0	0.0	1.0	0	1	0	0	1	0	0	0	0	0	1	0	0	0	0	0	0	0	0	0	0	0	1	0	0	1	0	0	0	0	0	0
85.451455181	485.0	565.0	0.0	0.0	0.0	1.0	0	0	0	0	0	0	1	0	0	0	1	0	0	0	0	0	0	0	0	0	0	0	1	0	0	0	1	0	0	0	0	1
91.854170482	471.0	647.0	0.0	0.0	0.0	1.0	0	0	0	0	0	0	1	0	0	0	1	0	0	0	0	0	0	0	0	0	0	0	1	0	0	1	0	0	0	0	0	0
40.419553073	496.0	611.0	0.0	0.0	0.0	1.0	0	0	0	0	0	0	1	0	0	0	1	0	0	0	0	0	0	0	0	0	0	0	1	0	0	0	0	0	0	0	1	0
45.49301693	513.0	637.0	0.0	0.0	0.0	1.0	0	0	0	0	0	0	1	0	0	0	1	0	0	0	0	0	0	0	0	0	0	0	1	0	0	1	0	0	0	0	0	0
49.971692032	417.0	395.0	0.0	0.0	0.0	1.0	0	0	0	0	0	0	0	0	0	0	1	0	0	0	0	0	0	0	0	0	0	0	1	0	0	1	0	0	0	0	0	0
96.496167781	556.0	586.0	0.0	0.0	0.0	1.0	0	0	0	0	0	0	1	0	0	0	0	1	0	0	0	0	0	0	0	0	0	0	1	0	0	0	0	1	0	0	0	0
95.774901864	456.0	613.0	0.0	0.0	0.0	1.0	0	0	0	0	0	0	1	0	0	0	0	1	0	0	0	0	0	0	0	0	0	0	1	0	0	0	0	1	0	0	0	1
88.155904187	405.0	613.0	0.0	0.0	0.0	1.0	0	0	0	0	0	0	1	0	0	0	0	1	0	0	0	0	0	0	0	0	0	0	1	0	0	0	0	1	0	0	0	1
77.41794783	458.0	657.0	0.0	0.0	0.0	1.0	0	0	0	0	0	0	1	0	0	0	0	1	0	0	0	0	0	0	0	0	0	0	1	0	0	0	0	1	0	0	0	0
65.85821336800001	443.0	566.0	0.0	0.0	0.0	1.0	0	0	0	0	0	0	1	0	0	0	0	1	0	0	0	0	0	0	0	0	0	0	1	0	0	0	0	1	0	0	0	0
90.02434327600001	598.0	625.0	0.0	0.0	0.0	1.0	0	0	0	0	0	0	1	0	0	0	0	1	0	0	0	0	0	0	0	0	0	0	1	0	0	0	0	1	0	0	0	0
37.562508291	538.0	614.0	0.0	0.0	0.0	1.0	0	0	0	0	0	0	1	0	0	0	0	1	0	0	0	0	0	0	0	0	0	0	1	0	0	0	0	1	0	0	0	1
91.854170482	471.0	647.0	0.0	0.0	0.0	1.0	0	0	0	0	0	0	1	0	0	0	0	1	0	0	0	0	0	0	0	0	0	0	1	0	0	0	0	1	0	0	0	1
89.83264235600001	500.0	611.0	0.0	0.0	0.0	1.0	0	0	0	0	0	0	1	0	0	0	0	1	0	0	0	0	0	0	0	0	0	0	1	0	0	0	0	1	0	0	0	0
64.33106693	395.0	505.0	0.0	0.0	0.0	1.0	0	0	0	0	0	0	1	0	0	0	0	1	0	0	0	0	0	0	0	0	0	0	1	0	0	0	0	1	0	0	0	1
40.419553073	494.0	613.0	0.0	0.0	0.0	1.0	0	0	0	0	0	0	1	0	0	0	0	1	0	0	0	0	0	0	0	0	0	0	1	0	0	0	0	1	0	0	0	0
86.80917429600001	327.0	611.0	0.0	0.0	0.0	1.0	0	0	0	0	0	0	1	0	0	0	0	1	0	0	0	0	0	0	0	0	0	0	1	0	0	0	0	1	0	0	0	1
86.80917429600001	327.0	611.0	0.0	0.0	0.0	1.0	0	0	0	0	0	0	1	0	0	0	0	1	0	0	0	0	0	0	0	0	0	0	1	0	0	0	0	1	0	0	0	1
68.865165245	509.0	656.0	0.0	0.0	0.0	1.0	0	0	0	0	0	0	1	0	0	0	0	1	0	0	0	0	0	0	0	0	0	0	1	0	0	0	0	1	0	0	0	0
98.74846153899999	526.0	533.0	0.0	0.0	0.0	1.0	0	0	0	0	0	0	1	0	0	0	0	1	0	0	0	0	0	0	0	0	0	0	1	0	0	0	0	1	0	0	0	1
94.624263731	508.0	605.0	0.0	0.0	0.0	1.0	0	0	0	0	0	0	1	0	0	0	0	1	0	0	0	0	0	0	0	0	0	0	1	0	0	0	0	1	0	0	0	0
37.976880499	535.0	673.0	0.0	0.0	0.0	1.0	0	0	0	0	0	0	1	0	0	0	0	1	0	0	0	0	0	0	0	0	0	0	1	0	0	0	0	1	0	0	0	1
80.20073650399999	535.0	673.0	0.0	0.0	0.0	1.0	0	0	0	0	0	0	1	0	0	0	0	1	0	0	0	0	0	0	0	0	0	0	1	0	0	0	0	1	0	0	0	1
58.777530019	525.0	594.0	0.0	0.0	0.0	1.0	0	0	0	0	0	0	1	0	0	0	0	1	0	0	0	0	0	0	0	0	0	0	1	0	0	0	0	1	0	0	0	0
34.893533698	565.0	637.0	0.0	0.0	0.0	1.0	0	0	0	0	0	0	1	0	0	0	0	1	0	0	0	0	0	0	0	0	0	0	1	0	0	0	0	1	0	0	0	1
16.534934111	565.0	637.0	0.0	0.0	0.0	1.0	0	0	0	0	0	0	1	0	0	0	0	1	0	0	0	0	0	0	0	0	0	0	1	0	0	0	0	1	0	0	0	0
45.49301693	513.0	637.0	0.0	0.0	0.0	1.0	0	0	0	0	0	0	1	0	0	0	0	1	0	0	0	0	0	0	0	0	0	0	1	0	0	0	0	1	0	0	0	1
0.23503922	496.0	561.0	0.0	0.0	0.0	1.0	0	0	0	0	0	0	1	0	0	0	0	1	0	0	0	0	0	0	0	0	0	0	1	0	0	0	0	1	0	0	0	1
65.85821336800001	500.0	606.0	0.0	0.0	0.0	1.0	0	0	0	0	0	0	1	0	0	0	0	1	0	0	0	0	0	0	0	0	0	0	1	0	0	0	0	1	0	0	0	0
83.121355448	366.0	558.0	0.0	0.0	0.0	1.0	0	0	0	0	0	0	1	0	0	0	0	1	0	0	0	0	0	0	0	0	0	0	1	0	0	0	0	1	0	0	0	0
6.586176324	560.0	698.0	0.0	0.0	0.0	1.0	0	0	0	0	1	0	0	0	0	0	0	0	1	0	0	0	0	0	0	0	0	0	1	0	0	0	0	1	0	0	0	1
94.478888984	468.0	526.0	0.0	0.0	0.0	1.0	0	0	0	0	0	0	1	0	0	0	0	0	1	0	0	0	0	0	0	0	0	0	1	0	0	0	0	1	0	0	0	1
65.85821336800001	327.0	566.0	0.0	0.0	0.0	1.0	0	0	0	0	0	0	1	0	0	0	0	0	1	0	0	0	0	0	0	0	0	0	1	0	0	0	0	1	0	0	0	1
96.20772691299999	312.0	647.0	0.0	0.0	0.0	1.0	0	0	0	0	0	0	1	0	0	0	0	0	1	0	0	0	0	0	0	0	0	0	1	0	0	0	0	1	0	0	0	1
23.536853263	330.0	363.0	0.0	0.0	0.0	1.0	0	0	0	0	0	0	1	0	0	0	0	0	1	0	0	0	0	0	0	0	0	0	1	0	0	0	0	1	0	0	0	1
26.100051514	333.0	647.0	0.0	0.0	0.0	1.0	0	0	0	0	0	0	1	0	0	0	0	0	1	0	0	0	0	0	0	0	0	0	1	0	0	0	0	1	0	0	0	1
26.100051514	333.0	647.0	0.0	0.0	0.0	1.0	0	0	0	0	0	0	1	0	0	0	0	0	1	0	0	0	0	0	0	0	0	0	1	0	0	0	0	1	0	0	0	1
34.893533698	377.0	647.0	0.0	0.0	0.0	1.0	0	0	0	0	0	0	1	0	0	0	0	0	1	0	0	0	0	0	0	0	0	0	1	0	0	0	0	1	0	0	0	1
45.49301693	532.0	647.0	0.0	0.0	0.0	1.0	0	0	0	0	0	0	1	0	0	0	0	0	1	0	0	0	0	0	0	0	0	0	1	0	0	0	0	1	0	0	0	1
0.23503922	486.0	647.0	0.0	0.0	0.0	1.0	0	0	0	0	0	0	1	0	0	0	0	0	1	0	0	0	0	0	0	0	0	0	1	0	0	0	0	1	0	0	0	1
65.85821336800001	323.0	633.0	0.0	0.0	0.0	1.0	0	0	0	0	0	0	1	0	0	0	0	0	1	0	0	0	0	0	0	0	0	0	1	0	0	0	0	1	0	0	0	1
92.931640109	504.0	633.0	0.0	0.0	0.0	1.0	0	0	0	0	0	0	1	0	0	0	0	0	1	0	0	0	0	0	0	0	0	0	1	0	0	0	0	1	0	0	0	1
34.893533698	420.0	599.0	0.0	0.0	0.0	1.0	0	0	0	0	0	0	1	0	0	0	0	0	1	0	0	0	0	0	0	0	0	0	1	0	0	0	0	1	0	0	0	1
23.536853263	351.0	565.0	0.0	0.0	0.0	1.0	0	0	0	0	0	0	1	0	0	0	0	0	1	0	0	0	0	0	0	0	0	0	1	0	0	0	0	1	0	0	0	1
29.049413061	387.0	565.0	0.0	0.0	0.0	1.0	0	0	0	0	0	0	1	0	0	0	0	0	1	0	0	0	0	0	0	0	0	0	1	0	0	0	0	1	0	0	0	1
56.814752602	312.0	437.0	0.0	0.0	0.0	1.0	0	0	0	0	0	0	1	0	0	0	0	0	1	0	0	0	0	0	0	0	0	0	1	0	0	0	0	1	0	0	0	1
40.419553073	575.0	613.0	0.0	0.0	0.0	1.0	0	0	0	0	0	0	1	0	0	0	0	0	1	0	0	0	0	0	0	0	0	0	1	0	0	0	0	1	0	0	0	1
82.137043557	414.0	557.0	0.0	0.0	0.0	1.0	0	0	0	0	0	0	1	0	0	0	0	0	1	0	0	0	0	0	0	0	0	0	1	0	0	0	0	1	0	0	0	1
82.137043557	320.0	557.0	0.0	0.0	0.0	1.0	0	0	0	0	0	0	1	0	0	0	0	0	1	0	0	0	0	0	0	0	0	0	1	0	0	0	0	1	0	0	0	1
82.137043557	320.0	557.0	0.0	0.0	0.0	1.0	0	0	0	0	0	0	1	0	0	0	0	0	1	0	0	0	0	0	0	0	0	0	1	0	0	0	0	1	0	0	0	1
18.444034947000002	478.0	557.0	0.0	0.0	0.0	1.0	0	0	0	0	0	0	1	0	0	0	0	0	1	0	0	0	0	0	0	0	0	0	1	0	0	0	0	1	0	0	0	1
98.74846153899999	526.0	533.0	0.0	0.0	0.0	1.0	0	0	0	0	0	0	1	0	0	0	0	0	1	0	0	0	0	0	0	0	0	0	1	0	0	0	0	1	0	0	0	1
94.624263731	383.0	605.0	0.0	0.0	0.0	1.0	0	0	0	0	0	0	1	0	0	0	0	0	1	0	0	0	0	0	0	0	0	0	1	0	0	0	0	1	0	0	0	1
94.624263731	383.0	605.0	0.0	0.0	0.0	1.0	0	0	0	0	0	0	1	0	0	0	0	0	1	0	0	0	0	0	0	0	0	0	1	0	0	0	0	1	0	0	0	1
94.624263731	354.0	605.0	0.0	0.0	0.0	1.0	0	0	0	0	0	0	1	0	0	0	0	0	1	0	0	0	0	0	0	0	0	0	1	0	0	0	0	1	0	0	0	1
29.049413061	521.0	594.0	0.0	0.0	0.0	1.0	0	0	0	0	0	0	1	0	0	0	0	0	1	0	0	0	0	0	0	0	0	0	1	0	0	0	0	1	0	0	0	1
72.33907022300001	500.0	589.0	0.0	0.0	0.0	1.0	0	0	0	0	0	0	1	0	0	0	0	0	1	0	0	0	0	0	0	0	0	0	1	0	0	0	0	1	0	0	0	1
0.23503922	496.0	561.0	0.0	0.0	0.0	1.0	0	0	0	0	0	0	1	0	0	0	0	0	1	0	0	0	0	0	0	0	0	0	1	0	0	0	0	1	0	0	0	0
0.23503922	496.0	561.0	0.0	0.0	0.0	1.0	0	0	0	0	0	0	1	0	0	0	0	0	1	0	0	0	0	0	0	0	0	0	1	0	0	0	0	1	0	0	0	1
80.892147956	547.0	617.0	0.0	0.0	0.0	1.0	0	0	0	0	0	0	1	0	0	0	0	0	1	0	0	0	0	0	0	0	0	0	1	0	0	0	0	1	0	0	0	0
80.892147956	547.0	617.0	0.0	0.0	0.0	1.0	0	0	0	0	0	0	1	0	0	0	0	0	1	0	0	0	0	0	0	0	0	0	1	0	0	0	0	1	0	0	0	0
75.333456056	487.0	617.0	0.0	0.0	0.0	1.0	0	0	0	0	0	0	1	0	0	0	0	0	1	0	0	0	0	0	0	0	0	0	1	0	0	0	0	1	0	0	0	0
62.390150711000004	559.0	606.0	0.0	0.0	0.0	1.0	0	0	0	0	0	0	1	0	0	0	0	0	1	0	0	0	0	0	0	0	0	0	1	0	0	0	0	1	0	0	0	0
65.85821336800001	551.0	607.0	0.0	0.0	0.0	1.0	0	0	0	0	0	0	1	0	0	0	0	0	1	0	0	0	0	0	0	0	0	0	1	0	0	0	0	1	0	0	0	0
67.818940919	486.0	607.0	0.0	0.0	0.0	1.0	0	0	0	0	0	0	1	0	0	0	0	0	1	0	0	0	0	0	0	0	0	0	1	0	0	0	0	1	0	0	0	0
67.818940919	421.0	607.0	0.0	0.0	0.0	1.0	0	0	0	0	0	0	1	0	0	0	0	0	1	0	0	0	0	0	0	0	0	0	1	0	0	0	0	1	0	0	0	1
65.85821336800001	452.0	607.0	0.0	0.0	0.0	1.0	0	0	0	0	0	0	1	0	0	0	0	0	1	0	0	0	0	0	0	0	0	0	1	0	0	0	0	1	0	0	0	1
65.85821336800001	370.0	596.0	0.0	0.0	0.0	1.0	0	0	0	0	0	0	1	0	0	0	0	0	1	0	0	0	0	0	0	0	0	0	1	0	0	0	0	1	0	0	0	1
60.983113508	453.0	610.0	0.0	0.0	0.0	1.0	0	0	0	0	0	0	1	0	0	0	0	0	1	0	0	0	0	0	0	0	0	0	1	0	0	0	0	1	0	0	0	0
68.865165245	551.0	601.0	0.0	0.0	0.0	1.0	0	0	0	0	0	0	1	0	0	0	0	0	1	0	0	0	0	0	0	0	0	0	1	0	0	0	0	1	0	0	0	1
34.893533698	551.0	601.0	0.0	0.0	0.0	1.0	0	0	0	0	0	0	1	0	0	0	0	0	1	0	0	0	0	0	0	0	0	0	1	0	0	0	0	1	0	0	0	0
83.121355448	366.0	558.0	0.0	0.0	0.0	1.0	0	0	0	0	0	0	1	0	0	0	0	0	1	0	0	0	0	0	0	0	0	0	1	0	0	0	0	1	0	0	0	0
0.0	766.0	728.0	0.0	0.0	0.0	1.0	0	0	0	0	0	0	0	0	0	0	0	0	1	0	0	0	0	0	0	0	0	0	1	0	0	0	0	1	0	0	0	1
58.777530019	545.0	698.0	0.0	0.0	0.0	1.0	0	0	0	0	1	0	0	0	0	0	0	0	0	1	0	0	0	0	0	0	0	0	1	0	0	0	0	1	0	0	0	0
65.85821336800001	388.0	707.0	0.0	0.0	0.0	1.0	0	0	0	0	0	0	1	0	0	0	0	0	0	1	0	0	0	0	0	0	0	0	1	0	0	0	0	1	0	0	0	0
91.206998947	448.0	565.0	0.0	0.0	0.0	1.0	0	0	0	0	0	0	1	0	0	0	0	0	0	1	0	0	0	0	0	0	0	0	1	0	0	0	0	1	0	0	0	1
94.478888984	497.0	489.0	0.0	0.0	0.0	1.0	0	0	0	0	0	0	1	0	0	0	0	0	0	1	0	0	0	0	0	0	0	0	1	0	0	0	0	1	0	0	0	1
56.62124036	551.0	613.0	0.0	0.0	0.0	1.0	0	0	0	0	0	0	1	0	0	0	0	0	0	1	0	0	0	0	0	0	0	0	1	0	0	0	0	1	0	0	0	1
77.41794783	492.0	657.0	0.0	0.0	0.0	1.0	0	0	0	0	0	0	1	0	0	0	0	0	0	1	0	0	0	0	0	0	0	0	1	0	0	0	0	1	0	0	0	1
34.893533698	387.0	657.0	0.0	0.0	0.0	1.0	0	0	0	0	0	0	1	0	0	0	0	0	0	1	0	0	0	0	0	0	0	0	1	0	0	0	0	1	0	0	0	1
65.85821336800001	387.0	647.0	0.0	0.0	0.0	1.0	0	0	0	0	0	0	1	0	0	0	0	0	0	1	0	0	0	0	0	0	0	0	1	0	0	0	0	1	0	0	0	1
96.20772691299999	439.0	647.0	0.0	0.0	0.0	1.0	0	0	0	0	0	0	1	0	0	0	0	0	0	1	0	0	0	0	0	0	0	0	1	0	0	0	0	1	0	0	0	1
78.081684064	320.0	568.0	0.0	0.0	0.0	1.0	0	0	0	0	0	0	1	0	0	0	0	0	0	1	0	0	0	0	0	0	0	0	1	0	0	0	0	1	0	0	0	1
90.02434327600001	598.0	625.0	0.0	0.0	0.0	1.0	0	0	0	0	0	0	1	0	0	0	0	0	0	1	0	0	0	0	0	0	0	0	1	0	0	0	0	1	0	0	0	0
88.519474479	414.0	472.0	0.0	0.0	0.0	1.0	0	0	0	0	0	0	1	0	0	0	0	0	0	1	0	0	0	0	0	0	0	0	1	0	0	0	0	1	0	0	0	1
34.893533698	377.0	647.0	0.0	0.0	0.0	1.0	0	0	0	0	0	0	1	0	0	0	0	0	0	1	0	0	0	0	0	0	0	0	1	0	0	0	0	1	0	0	0	1
91.854170482	471.0	647.0	0.0	0.0	0.0	1.0	0	0	0	0	0	0	1	0	0	0	0	0	0	1	0	0	0	0	0	0	0	0	1	0	0	0	0	1	0	0	0	1
16.534934111	532.0	647.0	0.0	0.0	0.0	1.0	0	0	0	0	0	0	1	0	0	0	0	0	0	1	0	0	0	0	0	0	0	0	1	0	0	0	0	1	0	0	0	1
92.931640109	498.0	633.0	0.0	0.0	0.0	1.0	0	0	0	0	0	0	1	0	0	0	0	0	0	1	0	0	0	0	0	0	0	0	1	0	0	0	0	1	0	0	0	1
78.63163856	530.0	553.0	0.0	0.0	0.0	1.0	0	0	0	0	0	0	1	0	0	0	0	0	0	1	0	0	0	0	0	0	0	0	1	0	0	0	0	1	0	0	0	1
16.534934111	320.0	437.0	0.0	0.0	0.0	1.0	0	0	0	0	0	0	1	0	0	0	0	0	0	1	0	0	0	0	0	0	0	0	1	0	0	0	0	1	0	0	0	1
18.344367774000002	370.0	502.0	0.0	0.0	0.0	1.0	0	0	0	0	0	0	1	0	0	0	0	0	0	1	0	0	0	0	0	0	0	0	1	0	0	0	0	1	0	0	0	1
76.530214162	446.0	656.0	0.0	0.0	0.0	1.0	0	0	0	0	0	0	1	0	0	0	0	0	0	1	0	0	0	0	0	0	0	0	1	0	0	0	0	1	0	0	0	1
46.774850557	343.0	605.0	0.0	0.0	0.0	1.0	0	0	0	0	0	0	1	0	0	0	0	0	0	1	0	0	0	0	0	0	0	0	1	0	0	0	0	1	0	0	0	1
34.893533698	404.0	673.0	0.0	0.0	0.0	1.0	0	0	0	0	0	0	1	0	0	0	0	0	0	1	0	0	0	0	0	0	0	0	1	0	0	0	0	1	0	0	0	1
58.777530019	525.0	594.0	0.0	0.0	0.0	1.0	0	0	0	0	0	0	1	0	0	0	0	0	0	1	0	0	0	0	0	0	0	0	1	0	0	0	0	1	0	0	0	1
72.33907022300001	508.0	513.0	0.0	0.0	0.0	1.0	0	0	0	0	0	0	1	0	0	0	0	0	0	1	0	0	0	0	0	0	0	0	1	0	0	0	0	1	0	0	0	1
29.049413061	496.0	561.0	0.0	0.0	0.0	1.0	0	0	0	0	0	0	1	0	0	0	0	0	0	1	0	0	0	0	0	0	0	0	1	0	0	0	0	1	0	0	0	1
80.892147956	547.0	617.0	0.0	0.0	0.0	1.0	0	0	0	0	0	0	1	0	0	0	0	0	0	1	0	0	0	0	0	0	0	0	1	0	0	0	0	1	0	0	0	1
81.737974592	330.0	578.0	0.0	0.0	0.0	1.0	0	0	0	0	0	0	1	0	0	0	0	0	0	1	0	0	0	0	0	0	0	0	1	0	0	0	0	1	0	0	0	1
34.893533698	427.0	606.0	0.0	0.0	0.0	1.0	0	0	0	0	0	0	1	0	0	0	0	0	0	1	0	0	0	0	0	0	0	0	1	0	0	0	0	1	0	0	0	1
62.390150711000004	559.0	606.0	0.0	0.0	0.0	1.0	0	0	0	0	0	0	1	0	0	0	0	0	0	1	0	0	0	0	0	0	0	0	1	0	0	0	0	1	0	0	0	1
65.85821336800001	486.0	607.0	0.0	0.0	0.0	1.0	0	0	0	0	0	0	1	0	0	0	0	0	0	1	0	0	0	0	0	0	0	0	1	0	0	0	0	1	0	0	0	0
65.85821336800001	452.0	607.0	0.0	0.0	0.0	1.0	0	0	0	0	0	0	1	0	0	0	0	0	0	1	0	0	0	0	0	0	0	0	1	0	0	0	0	1	0	0	0	0
95.19224249700001	422.0	596.0	0.0	0.0	0.0	1.0	0	0	0	0	0	0	1	0	0	0	0	0	0	1	0	0	0	0	0	0	0	0	1	0	0	0	0	1	0	0	0	0
19.515771417	484.0	610.0	0.0	0.0	0.0	1.0	0	0	0	0	0	0	1	0	0	0	0	0	0	1	0	0	0	0	0	0	0	0	1	0	0	0	0	1	0	0	0	0
23.536853263	522.0	601.0	0.0	0.0	0.0	1.0	0	0	0	0	0	0	1	0	0	0	0	0	0	1	0	0	0	0	0	0	0	0	1	0	0	0	0	1	0	0	0	0
83.121355448	366.0	558.0	0.0	0.0	0.0	1.0	0	0	0	0	0	0	1	0	0	0	0	0	0	1	0	0	0	0	0	0	0	0	1	0	0	0	0	1	0	0	0	1
60.305113115	295.0	707.0	0.0	0.0	0.0	1.0	0	0	0	0	0	0	0	1	0	0	0	0	0	0	1	0	0	0	0	0	0	0	1	0	0	0	0	1	0	0	0	0
91.206998947	327.0	565.0	0.0	0.0	0.0	1.0	0	0	0	0	0	0	1	0	0	0	0	0	0	0	1	0	0	0	0	0	0	0	1	0	0	0	0	1	0	0	0	1
91.206998947	448.0	565.0	0.0	0.0	0.0	1.0	0	0	0	0	0	0	1	0	0	0	0	0	0	0	1	0	0	0	0	0	0	0	1	0	0	0	0	1	0	0	0	1
40.419553073	485.0	565.0	0.0	0.0	0.0	1.0	0	0	0	0	0	0	1	0	0	0	0	0	0	0	1	0	0	0	0	0	0	0	1	0	0	0	0	1	0	0	0	1
94.478888984	497.0	489.0	0.0	0.0	0.0	1.0	0	0	0	0	0	0	1	0	0	0	0	0	0	0	1	0	0	0	0	0	0	0	1	0	0	0	0	1	0	0	0	1
72.298008205	477.0	586.0	0.0	0.0	0.0	1.0	0	0	0	0	0	0	1	0	0	0	0	0	0	0	1	0	0	0	0	0	0	0	1	0	0	0	0	1	0	0	0	1
43.902668299	465.0	561.0	0.0	0.0	0.0	1.0	0	0	0	0	0	0	1	0	0	0	0	0	0	0	1	0	0	0	0	0	0	0	1	0	0	0	0	1	0	0	0	1
18.925854634	330.0	561.0	0.0	0.0	0.0	1.0	0	0	0	0	0	0	1	0	0	0	0	0	0	0	1	0	0	0	0	0	0	0	1	0	0	0	0	1	0	0	0	1
40.419553073	426.0	657.0	0.0	0.0	0.0	1.0	0	0	0	0	0	0	1	0	0	0	0	0	0	0	1	0	0	0	0	0	0	0	1	0	0	0	0	1	0	0	0	1
29.049413061	327.0	611.0	0.0	0.0	0.0	1.0	0	0	0	0	0	0	1	0	0	0	0	0	0	0	1	0	0	0	0	0	0	0	1	0	0	0	0	1	0	0	0	1
23.536853263	320.0	647.0	0.0	0.0	0.0	1.0	0	0	0	0	0	0	1	0	0	0	0	0	0	0	1	0	0	0	0	0	0	0	1	0	0	0	0	1	0	0	0	1
74.120032172	399.0	647.0	0.0	0.0	0.0	1.0	0	0	0	0	0	0	1	0	0	0	0	0	0	0	1	0	0	0	0	0	0	0	1	0	0	0	0	1	0	0	0	1
23.536853263	361.0	425.0	0.0	0.0	0.0	1.0	0	0	0	0	0	0	1	0	0	0	0	0	0	0	1	0	0	0	0	0	0	0	1	0	0	0	0	1	0	0	0	0
78.081684064	320.0	568.0	0.0	0.0	0.0	1.0	0	0	0	0	0	0	1	0	0	0	0	0	0	0	1	0	0	0	0	0	0	0	1	0	0	0	0	1	0	0	0	1
19.078547444	359.0	614.0	0.0	0.0	0.0	1.0	0	0	0	0	0	0	1	0	0	0	0	0	0	0	1	0	0	0	0	0	0	0	1	0	0	0	0	1	0	0	0	1
18.085373014	327.0	614.0	0.0	0.0	0.0	1.0	0	0	0	0	0	0	1	0	0	0	0	0	0	0	1	0	0	0	0	0	0	0	1	0	0	0	0	1	0	0	0	1
88.519474479	538.0	614.0	0.0	0.0	0.0	1.0	0	0	0	0	0	0	1	0	0	0	0	0	0	0	1	0	0	0	0	0	0	0	1	0	0	0	0	1	0	0	0	1
88.519474479	434.0	614.0	0.0	0.0	0.0	1.0	0	0	0	0	0	0	1	0	0	0	0	0	0	0	1	0	0	0	0	0	0	0	1	0	0	0	0	1	0	0	0	0
45.49301693	532.0	647.0	0.0	0.0	0.0	1.0	0	0	0	0	0	0	1	0	0	0	0	0	0	0	1	0	0	0	0	0	0	0	1	0	0	0	0	1	0	0	0	0
16.534934111	458.0	584.0	0.0	0.0	0.0	1.0	0	0	0	0	0	0	1	0	0	0	0	0	0	0	1	0	0	0	0	0	0	0	1	0	0	0	0	1	0	0	0	0
40.419553073	517.0	590.0	0.0	0.0	0.0	1.0	0	0	0	0	0	0	1	0	0	0	0	0	0	0	1	0	0	0	0	0	0	0	1	0	0	0	0	1	0	0	0	1
62.390150711000004	565.0	572.0	0.0	0.0	0.0	1.0	0	0	0	0	0	0	1	0	0	0	0	0	0	0	1	0	0	0	0	0	0	0	1	0	0	0	0	1	0	0	0	0
93.258357279	417.0	467.0	0.0	0.0	0.0	1.0	0	0	0	0	0	0	1	0	0	0	0	0	0	0	1	0	0	0	0	0	0	0	1	0	0	0	0	1	0	0	0	1
93.258357279	330.0	467.0	0.0	0.0	0.0	1.0	0	0	0	0	0	0	1	0	0	0	0	0	0	0	1	0	0	0	0	0	0	0	1	0	0	0	0	1	0	0	0	0
23.536853263	436.0	607.0	0.0	0.0	0.0	1.0	0	0	0	0	0	0	1	0	0	0	0	0	0	0	1	0	0	0	0	0	0	0	1	0	0	0	0	1	0	0	0	1
18.344367774000002	370.0	502.0	0.0	0.0	0.0	1.0	0	0	0	0	0	0	1	0	0	0	0	0	0	0	1	0	0	0	0	0	0	0	1	0	0	0	0	1	0	0	0	1
18.444034947000002	478.0	557.0	0.0	0.0	0.0	1.0	0	0	0	0	0	0	1	0	0	0	0	0	0	0	1	0	0	0	0	0	0	0	1	0	0	0	0	1	0	0	0	0
76.530214162	446.0	656.0	0.0	0.0	0.0	1.0	0	0	0	0	0	0	1	0	0	0	0	0	0	0	1	0	0	0	0	0	0	0	1	0	0	0	0	1	0	0	0	1
8.927997088	446.0	656.0	0.0	0.0	0.0	1.0	0	0	0	0	0	0	1	0	0	0	0	0	0	0	1	0	0	0	0	0	0	0	1	0	0	0	0	1	0	0	0	0
68.865165245	509.0	656.0	0.0	0.0	0.0	1.0	0	0	0	0	0	0	1	0	0	0	0	0	0	0	1	0	0	0	0	0	0	0	1	0	0	0	0	1	0	0	0	0
98.74846153899999	471.0	487.0	0.0	0.0	0.0	1.0	0	0	0	0	0	0	1	0	0	0	0	0	0	0	1	0	0	0	0	0	0	0	1	0	0	0	0	1	0	0	0	1
98.74846153899999	466.0	540.0	0.0	0.0	0.0	1.0	0	0	0	0	0	0	1	0	0	0	0	0	0	0	1	0	0	0	0	0	0	0	1	0	0	0	0	1	0	0	0	0
46.774850557	343.0	605.0	0.0	0.0	0.0	1.0	0	0	0	0	0	0	1	0	0	0	0	0	0	0	1	0	0	0	0	0	0	0	1	0	0	0	0	1	0	0	0	1
43.68423825399999	525.0	673.0	0.0	0.0	0.0	1.0	0	0	0	0	0	0	1	0	0	0	0	0	0	0	1	0	0	0	0	0	0	0	1	0	0	0	0	1	0	0	0	1
37.976880499	535.0	673.0	0.0	0.0	0.0	1.0	0	0	0	0	0	0	1	0	0	0	0	0	0	0	1	0	0	0	0	0	0	0	1	0	0	0	0	1	0	0	0	1
29.049413061	575.0	673.0	0.0	0.0	0.0	1.0	0	0	0	0	0	0	1	0	0	0	0	0	0	0	1	0	0	0	0	0	0	0	1	0	0	0	0	1	0	0	0	0
34.893533698	575.0	673.0	0.0	0.0	0.0	1.0	0	0	0	0	0	0	1	0	0	0	0	0	0	0	1	0	0	0	0	0	0	0	1	0	0	0	0	1	0	0	0	1
34.893533698	404.0	673.0	0.0	0.0	0.0	1.0	0	0	0	0	0	0	1	0	0	0	0	0	0	0	1	0	0	0	0	0	0	0	1	0	0	0	0	1	0	0	0	0
58.777530019	525.0	594.0	0.0	0.0	0.0	1.0	0	0	0	0	0	0	1	0	0	0	0	0	0	0	1	0	0	0	0	0	0	0	1	0	0	0	0	1	0	0	0	1
29.049413061	521.0	594.0	0.0	0.0	0.0	1.0	0	0	0	0	0	0	1	0	0	0	0	0	0	0	1	0	0	0	0	0	0	0	1	0	0	0	0	1	0	0	0	1
80.20073650399999	565.0	637.0	0.0	0.0	0.0	1.0	0	0	0	0	0	0	1	0	0	0	0	0	0	0	1	0	0	0	0	0	0	0	1	0	0	0	0	1	0	0	0	0
80.20073650399999	565.0	637.0	0.0	0.0	0.0	1.0	0	0	0	0	0	0	1	0	0	0	0	0	0	0	1	0	0	0	0	0	0	0	1	0	0	0	0	1	0	0	0	0
40.419553073	508.0	513.0	0.0	0.0	0.0	1.0	0	0	0	0	0	0	1	0	0	0	0	0	0	0	1	0	0	0	0	0	0	0	1	0	0	0	0	1	0	0	0	0
72.33907022300001	508.0	513.0	0.0	0.0	0.0	1.0	0	0	0	0	0	0	1	0	0	0	0	0	0	0	1	0	0	0	0	0	0	0	1	0	0	0	0	1	0	0	0	1
91.72662189	486.0	589.0	0.0	0.0	0.0	1.0	0	0	0	0	0	0	1	0	0	0	0	0	0	0	1	0	0	0	0	0	0	0	1	0	0	0	0	1	0	0	0	0
91.03645572200001	559.0	606.0	0.0	0.0	0.0	1.0	0	0	0	0	0	0	1	0	0	0	0	0	0	0	1	0	0	0	0	0	0	0	1	0	0	0	0	1	0	0	0	0
65.85821336800001	452.0	607.0	0.0	0.0	0.0	1.0	0	0	0	0	0	0	1	0	0	0	0	0	0	0	1	0	0	0	0	0	0	0	1	0	0	0	0	1	0	0	0	0
69.632979706	337.0	610.0	0.0	0.0	0.0	1.0	0	0	0	0	0	0	1	0	0	0	0	0	0	0	1	0	0	0	0	0	0	0	1	0	0	0	0	1	0	0	0	0
69.632979706	390.0	610.0	0.0	0.0	0.0	1.0	0	0	0	0	0	0	1	0	0	0	0	0	0	0	1	0	0	0	0	0	0	0	1	0	0	0	0	1	0	0	0	0
34.893533698	551.0	601.0	0.0	0.0	0.0	1.0	0	0	0	0	0	0	1	0	0	0	0	0	0	0	1	0	0	0	0	0	0	0	1	0	0	0	0	1	0	0	0	0
88.155904187	405.0	613.0	0.0	0.0	0.0	1.0	0	0	0	0	0	0	1	0	0	0	0	0	0	0	0	1	0	0	0	0	0	0	1	0	0	0	0	1	0	0	0	0
45.49301693	354.0	574.0	0.0	0.0	0.0	1.0	0	0	0	0	0	0	1	0	0	0	0	0	0	0	0	1	0	0	0	0	0	0	1	0	0	0	0	1	0	0	0	1
94.624263731	354.0	605.0	0.0	0.0	0.0	1.0	0	0	0	0	0	0	1	0	0	0	0	0	0	0	0	1	0	0	0	0	0	0	1	0	0	0	0	1	0	0	0	1
74.120032172	525.0	594.0	0.0	0.0	0.0	1.0	0	0	0	0	0	0	1	0	0	0	0	0	0	0	0	1	0	0	0	0	0	0	1	0	0	0	0	1	0	0	0	1
29.049413061	343.0	561.0	0.0	0.0	0.0	1.0	0	0	0	0	0	0	1	0	0	0	0	0	0	0	0	1	0	0	0	0	0	0	1	0	0	0	0	1	0	0	0	1
65.85821336800001	551.0	607.0	0.0	0.0	0.0	1.0	0	0	0	0	0	0	1	0	0	0	0	0	0	0	0	1	0	0	0	0	0	0	1	0	0	0	0	1	0	0	0	0
67.818940919	421.0	607.0	0.0	0.0	0.0	1.0	0	0	0	0	0	0	1	0	0	0	0	0	0	0	0	1	0	0	0	0	0	0	1	0	0	0	0	1	0	0	0	1
65.85821336800001	370.0	596.0	0.0	0.0	0.0	1.0	0	0	0	0	0	0	1	0	0	0	0	0	0	0	0	1	0	0	0	0	0	0	1	0	0	0	0	1	0	0	0	1
60.983113508	522.0	601.0	0.0	0.0	0.0	1.0	0	0	0	0	0	0	1	0	0	0	0	0	0	0	0	1	0	0	0	0	0	0	1	0	0	0	0	1	0	0	0	0
0.0		739.0	0.000643397	0.0012867942737654818	0.0	0.9987132057262346	0	0	0	0	1	0	0	0	0	0	0	0	0	0	0	0	1	0	0	0	0	0	1	0	0	0	0	1	0	0	0	0
65.85821336800001	418.0	707.0	0.0	0.0	0.0	1.0	0	0	0	0	0	0	1	0	0	0	0	0	0	0	0	0	1	0	0	0	0	0	1	0	0	0	0	1	0	0	0	1
70.35587096100001	430.0	707.0	0.0	0.0	0.0	1.0	0	0	0	0	0	0	1	0	0	0	0	0	0	0	0	0	1	0	0	0	0	0	1	0	0	0	0	1	0	0	0	1
91.206998947	327.0	565.0	0.0	0.0	0.0	1.0	0	0	0	0	0	0	1	0	0	0	0	0	0	0	0	0	1	0	0	0	0	0	1	0	0	0	0	1	0	0	0	1
91.206998947	448.0	565.0	0.0	0.0	0.0	1.0	0	0	0	0	0	0	1	0	0	0	0	0	0	0	0	0	1	0	0	0	0	0	1	0	0	0	0	1	0	0	0	0
94.478888984	468.0	526.0	0.0	0.0	0.0	1.0	0	0	0	0	0	0	1	0	0	0	0	0	0	0	0	0	1	0	0	0	0	0	1	0	0	0	0	1	0	0	0	0
31.092786213000004	497.0	489.0	0.0	0.0	0.0	1.0	0	0	0	0	0	0	1	0	0	0	0	0	0	0	0	0	1	0	0	0	0	0	1	0	0	0	0	1	0	0	0	1
43.68423825399999	551.0	613.0	0.0	0.0	0.0	1.0	0	0	0	0	0	0	1	0	1	0	0	0	0	0	0	0	1	0	0	0	0	0	1	0	0	0	0	1	0	0	0	1
88.155904187	423.0	613.0	0.0	0.0	0.0	1.0	0	0	0	0	0	0	1	0	0	0	0	0	0	0	0	0	1	0	0	0	0	0	1	0	0	0	0	1	0	0	0	1
88.155904187	465.0	561.0	0.0	0.0	0.0	1.0	0	0	0	0	0	0	1	0	0	0	0	0	0	0	0	0	1	0	0	0	0	0	1	0	0	0	0	1	0	0	0	0
43.902668299	408.0	561.0	0.0	0.0	0.0	1.0	0	0	0	0	0	0	1	0	0	0	0	0	0	0	0	0	1	0	0	0	0	0	1	0	0	0	0	1	0	0	0	0
18.925854634	330.0	561.0	0.0	0.0	0.0	1.0	0	0	0	0	0	0	1	0	0	0	0	0	0	0	0	0	1	0	0	0	0	0	1	0	0	0	0	1	0	0	0	1
56.261365488	427.0	561.0	0.0	0.0	0.0	1.0	0	0	0	0	0	0	1	0	0	0	0	0	0	0	0	0	1	0	0	0	0	0	1	0	0	0	0	1	0	0	0	0
77.41794783	492.0	657.0	0.0	0.0	0.0	1.0	0	0	0	0	0	0	1	0	0	0	0	0	0	0	0	0	1	0	0	0	0	0	1	0	0	0	0	1	0	0	0	1
29.049413061	492.0	657.0	0.0	0.0	0.0	1.0	0	0	0	0	0	0	1	0	0	0	0	0	0	0	0	0	1	0	0	0	0	0	1	0	0	0	0	1	0	0	0	0
45.49301693	361.0	657.0	0.0	0.0	0.0	1.0	0	0	0	0	0	0	1	0	0	0	0	0	0	0	0	0	1	0	0	0	0	0	1	0	0	0	0	1	0	0	0	1
49.971692032	425.0	657.0	0.0	0.0	0.0	1.0	0	0	0	0	0	0	1	0	0	0	0	0	0	0	0	0	1	0	0	0	0	0	1	0	0	0	0	1	0	0	0	1
40.419553073	426.0	657.0	0.0	0.0	0.0	1.0	0	0	0	0	0	0	1	0	0	0	0	0	0	0	0	0	1	0	0	0	0	0	1	0	0	0	0	1	0	0	0	1
67.818940919	337.0	657.0	0.0	0.0	0.0	1.0	0	0	0	0	0	0	1	0	0	0	0	0	0	0	0	0	1	0	0	0	0	0	1	0	0	0	0	1	0	0	0	1
70.35587096100001	390.0	566.0	0.0	0.0	0.0	1.0	0	0	0	0	0	0	1	0	0	0	0	0	0	0	0	0	1	0	0	0	0	0	1	0	0	0	0	1	0	0	0	0
65.85821336800001	443.0	566.0	0.0	0.0	0.0	1.0	0	0	0	0	0	0	1	0	0	0	0	0	0	0	0	0	1	0	0	0	0	0	1	0	0	0	0	1	0	0	0	1
62.390150711000004	505.0	611.0	0.0	0.0	0.0	1.0	0	0	0	0	0	0	1	0	0	0	0	0	0	0	0	0	1	0	0	0	0	0	1	0	0	0	0	1	0	0	0	0
34.893533698	476.0	574.0	0.0	0.0	0.0	1.0	0	0	0	0	0	0	1	0	0	0	0	0	0	0	0	0	1	0	0	0	0	0	1	0	0	0	0	1	0	0	0	1
93.405074345	410.0	625.0	0.0	0.0	0.0	1.0	0	0	0	0	0	0	1	0	0	0	0	0	0	0	0	0	1	0	0	0	0	0	1	0	0	0	0	1	0	0	0	1
93.405074345	442.0	625.0	0.0	0.0	0.0	1.0	0	0	0	0	0	0	1	0	0	0	0	0	0	0	0	0	1	0	0	0	0	0	1	0	0	0	0	1	0	0	0	1
90.02434327600001	598.0	625.0	0.0	0.0	0.0	1.0	0	0	0	0	0	0	1	0	0	0	0	0	0	0	0	0	1	0	0	0	0	0	1	0	0	0	0	1	0	0	0	1
90.02434327600001	598.0	625.0	0.0	0.0	0.0	1.0	0	0	0	0	0	0	1	0	0	0	0	0	0	0	0	0	1	0	0	0	0	0	1	0	0	0	0	1	0	0	0	1
18.085373014	327.0	614.0	0.0	0.0	0.0	1.0	0	0	0	0	0	0	1	0	0	0	0	0	0	0	0	0	1	0	0	0	0	0	1	0	0	0	0	1	0	0	0	1
88.519474479	434.0	614.0	0.0	0.0	0.0	1.0	0	0	0	0	0	0	1	0	0	0	0	0	0	0	0	0	1	0	0	0	0	0	1	0	0	0	0	1	0	0	0	0
91.854170482	363.0	647.0	0.0	0.0	0.0	1.0	0	0	0	0	0	0	1	0	0	0	0	0	0	0	0	0	1	0	0	0	0	0	1	0	0	0	0	1	0	0	0	0
0.23503922	486.0	647.0	0.0	0.0	0.0	1.0	0	0	0	0	0	0	1	0	0	0	0	0	0	0	0	0	1	0	0	0	0	0	1	0	0	0	0	1	0	0	0	1
89.83264235600001	330.0	611.0	0.0	0.0	0.0	1.0	0	0	0	0	0	0	1	0	0	0	0	0	0	0	0	0	1	0	0	0	0	0	1	0	0	0	0	1	0	0	0	1
16.534934111	458.0	584.0	0.0	0.0	0.0	1.0	0	0	0	0	0	0	1	0	0	0	0	0	0	0	0	0	1	0	0	0	0	0	1	0	0	0	0	1	0	0	0	1
84.619342839	516.0	590.0	0.0	0.0	0.0	1.0	0	0	0	0	0	0	1	0	0	0	0	0	0	0	0	0	1	0	0	0	0	0	1	0	0	0	0	1	0	0	0	1
40.419553073	516.0	590.0	0.0	0.0	0.0	1.0	0	0	0	0	0	0	1	0	0	0	0	0	0	0	0	0	1	0	0	0	0	0	1	0	0	0	0	1	0	0	0	1
40.419553073	517.0	590.0	0.0	0.0	0.0	1.0	0	0	0	0	0	0	1	0	0	0	0	0	0	0	0	0	1	0	0	0	0	0	1	0	0	0	0	1	0	0	0	1
40.419553073	517.0	590.0	0.0	0.0	0.0	1.0	0	0	0	0	0	0	1	0	0	0	0	0	0	0	0	0	1	0	0	0	0	0	1	0	0	0	0	1	0	0	0	1
62.390150711000004	479.0	590.0	0.0	0.0	0.0	1.0	0	0	0	0	0	0	1	0	0	0	0	0	0	0	0	0	1	0	0	0	0	0	1	0	0	0	0	1	0	0	0	1
62.390150711000004	565.0	572.0	0.0	0.0	0.0	1.0	0	0	0	0	0	0	1	0	0	0	0	0	0	0	0	0	1	0	0	0	0	0	1	0	0	0	0	1	0	0	0	1
86.80917429600001	565.0	572.0	0.0	0.0	0.0	1.0	0	0	0	0	0	0	1	0	0	0	0	0	0	0	0	0	1	0	0	0	0	0	1	0	0	0	0	1	0	0	0	0
65.85821336800001	505.0	633.0	0.0	0.0	0.0	1.0	0	0	0	0	0	0	1	0	0	0	0	0	0	0	0	0	1	0	0	0	0	0	1	0	0	0	0	1	0	0	0	1
16.534934111	316.0	553.0	0.0	0.0	0.0	1.0	0	0	0	0	0	0	1	0	0	0	0	0	0	0	0	0	1	0	0	0	0	0	1	0	0	0	0	1	0	0	0	0
78.63163856	530.0	553.0	0.0	0.0	0.0	1.0	0	0	0	0	0	0	1	0	0	0	0	0	0	0	0	0	1	0	0	0	0	0	1	0	0	0	0	1	0	0	0	1
93.258357279	417.0	467.0	0.0	0.0	0.0	1.0	0	0	0	0	0	0	1	0	0	0	0	0	0	0	0	0	1	0	0	0	0	0	1	0	0	0	0	1	0	0	0	1
93.258357279	330.0	467.0	0.0	0.0	0.0	1.0	0	0	0	0	0	0	1	0	0	0	0	0	0	0	0	0	1	0	0	0	0	0	1	0	0	0	0	1	0	0	0	1
89.12309747	330.0	505.0	0.0	0.0	0.0	1.0	0	0	0	0	0	0	1	0	0	0	0	0	0	0	0	0	1	0	0	0	0	0	1	0	0	0	0	1	0	0	0	1
79.37269963600001	458.0	599.0	0.0	0.0	0.0	1.0	0	0	0	0	0	0	1	0	0	0	0	0	0	0	0	0	1	0	0	0	0	0	1	0	0	0	0	1	0	0	0	1
74.120032172	520.0	599.0	0.0	0.0	0.0	1.0	0	0	0	0	0	0	1	0	0	0	0	0	0	0	0	0	1	0	0	0	0	0	1	0	0	0	0	1	0	0	0	0
93.824270006	491.0	607.0	0.0	0.0	0.0	1.0	0	0	0	0	0	0	1	0	0	0	0	0	0	0	0	0	1	0	0	0	0	0	1	0	0	0	0	1	0	0	0	1
23.536853263	385.0	607.0	0.0	0.0	0.0	1.0	0	0	0	0	0	0	1	0	0	0	0	0	0	0	0	0	1	0	0	0	0	0	1	0	0	0	0	1	0	0	0	1
23.536853263	436.0	607.0	0.0	0.0	0.0	1.0	0	0	0	0	0	0	1	0	0	0	0	0	0	0	0	0	1	0	0	0	0	0	1	0	0	0	0	1	0	0	0	0
18.344367774000002	370.0	502.0	0.0	0.0	0.0	1.0	0	0	0	0	0	0	1	0	0	0	0	0	0	0	0	0	1	0	0	0	0	0	1	0	0	0	0	1	0	0	0	1
40.419553073	494.0	613.0	0.0	0.0	0.0	1.0	0	0	0	0	0	0	1	0	0	0	0	0	0	0	0	0	1	0	0	0	0	0	1	0	0	0	0	1	0	0	0	1
18.444034947000002	478.0	557.0	0.0	0.0	0.0	1.0	0	0	0	0	0	0	1	0	0	0	0	0	0	0	0	0	1	0	0	0	0	0	1	0	0	0	0	1	0	0	0	0
8.927997088	446.0	656.0	0.0	0.0	0.0	1.0	0	0	0	0	0	0	1	0	0	0	0	0	0	0	0	0	1	0	0	0	0	0	1	0	0	0	0	1	0	0	0	0
98.74846153899999	466.0	540.0	0.0	0.0	0.0	1.0	0	0	0	0	0	0	1	0	0	0	0	0	0	0	0	0	1	0	0	0	0	0	1	0	0	0	0	1	0	0	0	0
94.624263731	479.0	605.0	0.0	0.0	0.0	1.0	0	0	0	0	0	0	1	0	0	0	0	0	0	0	0	0	1	0	0	0	0	0	1	0	0	0	0	1	0	0	0	1
2.8601822510000003	410.0	673.0	0.0	0.0	0.0	1.0	0	0	0	0	0	0	1	0	0	0	0	0	0	0	0	0	1	0	0	0	0	0	1	0	0	0	0	1	0	0	0	1
80.20073650399999	575.0	673.0	0.0	0.0	0.0	1.0	0	0	0	0	0	0	1	0	0	0	0	0	0	0	0	0	1	0	0	0	0	0	1	0	0	0	0	1	0	0	0	1
29.049413061	575.0	673.0	0.0	0.0	0.0	1.0	0	0	0	0	0	0	1	0	0	0	0	0	0	0	0	0	1	0	0	0	0	0	1	0	0	0	0	1	0	0	0	1
34.893533698	575.0	673.0	0.0	0.0	0.0	1.0	0	0	0	0	0	0	1	0	0	0	0	0	0	0	0	0	1	0	0	0	0	0	1	0	0	0	0	1	0	0	0	1
34.893533698	404.0	673.0	0.0	0.0	0.0	1.0	0	0	0	0	0	0	1	0	0	0	0	0	0	0	0	0	1	0	0	0	0	0	1	0	0	0	0	1	0	0	0	0
74.120032172	525.0	594.0	0.0	0.0	0.0	1.0	0	0	0	0	0	0	1	0	0	0	0	0	0	0	0	0	1	0	0	0	0	0	1	0	0	0	0	1	0	0	0	1
29.049413061	521.0	594.0	0.0	0.0	0.0	1.0	0	0	0	0	0	0	1	0	0	0	0	0	0	0	0	0	1	0	0	0	0	0	1	0	0	0	0	1	0	0	0	1
80.20073650399999	565.0	637.0	0.0	0.0	0.0	1.0	0	0	0	0	0	0	1	0	0	0	0	0	0	0	0	0	1	0	0	0	0	0	1	0	0	0	0	1	0	0	0	1
80.20073650399999	565.0	637.0	0.0	0.0	0.0	1.0	0	0	0	0	0	0	1	0	0	0	0	0	0	0	0	0	1	0	0	0	0	0	1	0	0	0	0	1	0	0	0	1
34.893533698	565.0	637.0	0.0	0.0	0.0	1.0	0	0	0	0	0	0	1	0	0	0	0	0	0	0	0	0	1	0	0	0	0	0	1	0	0	0	0	1	0	0	0	0
40.419553073	455.0	637.0	0.0	0.0	0.0	1.0	0	0	0	0	0	0	1	0	0	0	0	0	0	0	0	0	1	0	0	0	0	0	1	0	0	0	0	1	0	0	0	1
40.419553073	513.0	637.0	0.0	0.0	0.0	1.0	0	0	0	0	0	0	1	0	0	0	0	0	0	0	0	0	1	0	0	0	0	0	1	0	0	0	0	1	0	0	0	1
72.33907022300001	508.0	513.0	0.0	0.0	0.0	1.0	0	0	0	0	0	0	1	0	0	0	0	0	0	0	0	0	1	0	0	0	0	0	1	0	0	0	0	1	0	0	0	1
91.72662189	486.0	589.0	9.29195e-06	1.8583906337112062e-05	0.0	0.9999814160936628	0	0	0	0	0	0	1	0	0	0	0	0	0	0	0	0	1	0	0	0	0	0	1	0	0	0	0	1	0	0	0	0
75.333456056	487.0	617.0	0.0	0.0	0.0	1.0	0	0	0	0	0	0	1	0	0	0	0	0	0	0	0	0	1	0	0	0	0	0	1	0	0	0	0	1	0	0	0	0
65.85821336800001	544.0	578.0	0.0	0.0	0.0	1.0	0	0	0	0	0	0	1	0	0	0	0	0	0	0	0	0	1	0	0	0	0	0	1	0	0	0	0	1	0	0	0	0
65.85821336800001	500.0	606.0	0.0	0.0	0.0	1.0	0	0	0	0	0	0	1	0	0	0	0	0	0	0	0	0	1	0	0	0	0	0	1	0	0	0	0	1	0	0	0	1
34.893533698	427.0	606.0	0.0	0.0	0.0	1.0	0	0	0	0	0	0	1	0	0	0	0	0	0	0	0	0	1	0	0	0	0	0	1	0	0	0	0	1	0	0	0	0
62.390150711000004	559.0	606.0	0.0	0.0	0.0	1.0	0	0	0	0	0	0	1	0	0	0	0	0	0	0	0	0	1	0	0	0	0	0	1	0	0	0	0	1	0	0	0	0
91.03645572200001	400.0	606.0	0.0	0.0	0.0	1.0	0	0	0	0	0	0	1	0	0	0	0	0	0	0	0	0	1	0	0	0	0	0	1	0	0	0	0	1	0	0	0	0
69.632979706	337.0	610.0	0.0	0.0	0.0	1.0	0	0	0	0	0	0	1	0	0	0	0	0	0	0	0	0	1	0	0	0	0	0	1	0	0	0	0	1	0	0	0	0
69.632979706	390.0	610.0	0.0	0.0	0.0	1.0	0	0	0	0	0	0	1	0	0	0	0	0	0	0	0	0	1	0	0	0	0	0	1	0	0	0	0	1	0	0	0	0
68.865165245	551.0	601.0	0.0	0.0	0.0	1.0	0	0	0	0	0	0	1	0	0	0	0	0	0	0	0	0	1	0	0	0	0	0	1	0	0	0	0	1	0	0	0	0
34.893533698	551.0	601.0	0.0	0.0	0.0	1.0	0	0	0	0	0	0	1	0	0	0	0	0	0	0	0	0	1	0	0	0	0	0	1	0	0	0	0	1	0	0	0	0
23.536853263	545.0	698.0	0.0	0.0	0.0	1.0	0	0	0	0	1	0	0	0	0	0	0	0	0	0	0	0	0	1	0	0	0	0	1	0	0	0	0	1	0	0	0	0
58.777530019	545.0	698.0	0.0	0.0	0.0	1.0	0	0	0	0	1	0	0	0	0	0	0	0	0	0	0	0	0	1	0	0	0	0	1	0	0	0	0	1	0	0	0	1
0.0	410.0	656.0	0.0	0.0	0.0	1.0	1	0	0	0	1	0	0	0	0	0	0	0	0	0	0	0	0	1	0	0	0	0	1	0	0	0	0	1	0	0	0	0
65.85821336800001	418.0	707.0	0.0	0.0	0.0	1.0	0	0	0	0	0	0	1	0	0	0	0	0	0	0	0	0	0	1	0	0	0	0	1	0	0	0	0	1	0	0	0	1
70.35587096100001	320.0	707.0	0.0	0.0	0.0	1.0	0	0	0	0	0	0	1	0	0	0	0	0	0	0	0	0	0	1	0	0	0	0	1	0	0	0	0	1	0	0	0	1
91.206998947	489.0	707.0	0.0	0.0	0.0	1.0	0	0	0	0	0	0	1	0	0	0	0	0	0	0	0	0	0	1	0	0	0	0	1	0	0	0	0	1	0	0	0	1
94.478888984	468.0	526.0	0.0	0.0	0.0	1.0	0	0	0	0	0	0	1	0	0	0	0	0	0	0	0	0	0	1	0	0	0	0	1	0	0	0	0	1	0	0	0	1
65.85821336800001	443.0	566.0	0.0	0.0	0.0	1.0	0	0	0	0	0	0	1	0	0	0	0	0	0	0	0	0	0	1	0	0	0	0	1	0	0	0	0	1	0	0	0	1
54.819953602	399.0	523.0	0.0	0.0	0.0	1.0	0	0	0	0	0	0	1	0	0	0	0	0	0	0	0	0	0	1	0	0	0	0	1	0	0	0	0	1	0	0	0	1
91.854170482	471.0	647.0	0.0	0.0	0.0	1.0	0	0	0	0	0	0	1	0	0	0	0	0	0	0	0	0	0	1	0	0	0	0	1	0	0	0	0	1	0	0	0	1
89.83264235600001	500.0	611.0	0.0	0.0	0.0	1.0	0	0	0	0	0	0	1	0	0	0	0	0	0	0	0	0	0	1	0	0	0	0	1	0	0	0	0	1	0	0	0	1
62.390150711000004	479.0	590.0	0.0	0.0	0.0	1.0	0	0	0	0	0	0	1	0	0	0	0	0	0	0	0	0	0	1	0	0	0	0	1	0	0	0	0	1	0	0	0	1
65.85821336800001	505.0	633.0	0.0	0.0	0.0	1.0	0	0	0	0	0	0	1	0	0	0	0	0	0	0	0	0	0	1	0	0	0	0	1	0	0	0	0	1	0	0	0	1
92.931640109	498.0	633.0	0.0	0.0	0.0	1.0	0	0	0	0	0	0	1	0	0	0	0	0	0	0	0	0	0	1	0	0	0	0	1	0	0	0	0	1	0	0	0	1
89.12309747	348.0	505.0	0.0	0.0	0.0	1.0	0	0	0	0	0	0	1	0	0	0	0	0	0	0	0	0	0	1	0	0	0	0	1	0	0	0	0	1	0	0	0	1
93.824270006	426.0	607.0	0.0	0.0	0.0	1.0	0	0	0	0	0	0	1	0	0	0	0	0	0	0	0	0	0	1	0	0	0	0	1	0	0	0	0	1	0	0	0	1
40.419553073	460.0	656.0	0.0	0.0	0.0	1.0	0	0	0	0	0	0	1	0	0	0	0	0	0	0	0	0	0	1	0	0	0	0	1	0	0	0	0	1	0	0	0	1
94.624263731	508.0	605.0	0.0	0.0	0.0	1.0	0	0	0	0	0	0	1	0	0	0	0	0	0	0	0	0	0	1	0	0	0	0	1	0	0	0	0	1	0	0	0	1
98.374690433	454.0	498.0	0.0	0.0	0.0	1.0	0	0	0	0	0	0	1	0	0	0	0	0	0	0	0	0	0	1	0	0	0	0	1	0	0	0	0	1	0	0	0	1
98.374690433	525.0	673.0	0.0	0.0	0.0	1.0	0	0	0	0	0	0	1	0	0	0	0	0	0	0	0	0	0	1	0	0	0	0	1	0	0	0	0	1	0	0	0	1
80.20073650399999	565.0	637.0	0.0	0.0	0.0	1.0	0	0	0	0	0	0	1	0	0	0	0	0	0	0	0	0	0	1	0	0	0	0	1	0	0	0	0	1	0	0	0	1
40.419553073	513.0	637.0	0.0	0.0	0.0	1.0	0	0	0	0	0	0	1	0	0	0	0	0	0	0	0	0	0	1	0	0	0	0	1	0	0	0	0	1	0	0	0	1
45.49301693	513.0	637.0	0.0	0.0	0.0	1.0	0	0	0	0	0	0	1	0	0	0	0	0	0	0	0	0	0	1	0	0	0	0	1	0	0	0	0	1	0	0	0	1
91.72662189	453.0	589.0	0.0	0.0	0.0	1.0	0	0	0	0	0	0	1	0	0	0	0	0	0	0	0	0	0	1	0	0	0	0	1	0	0	0	0	1	0	0	0	1
52.088969539	482.0	561.0	0.0	0.0	0.0	1.0	0	0	0	0	0	0	1	0	0	0	0	0	0	0	0	0	0	1	0	0	0	0	1	0	0	0	0	1	0	0	0	0
91.03645572200001	400.0	606.0	0.0	0.0	0.0	1.0	0	0	0	0	0	0	1	0	0	0	0	0	0	0	0	0	0	1	0	0	0	0	1	0	0	0	0	1	0	0	0	1
65.85821336800001	551.0	607.0	0.0	0.0	0.0	1.0	0	0	0	0	0	0	1	0	0	0	0	0	0	0	0	0	0	1	0	0	0	0	1	0	0	0	0	1	0	0	0	0
62.390150711000004	459.0	698.0	0.0	0.0	0.0	1.0	0	0	0	0	1	0	0	0	0	0	0	0	0	0	0	0	0	0	0	0	0	0	1	0	0	1	0	0	0	0	0	0
0.0	641.0	698.0	0.0	0.0	0.0	1.0	0	1	0	0	1	0	0	0	0	0	0	0	0	0	0	0	0	0	0	0	0	0	1	0	0	1	0	0	0	0	0	1
0.9025881240000001	641.0	698.0	0.0	0.0	0.0	1.0	0	1	0	0	1	0	0	0	0	0	0	0	0	0	0	0	0	0	0	0	0	0	1	0	0	1	0	0	0	0	0	0
52.614750168	641.0	698.0	0.0	0.0	0.0	1.0	1	0	0	0	1	0	0	0	0	0	0	0	0	0	0	0	0	0	0	0	0	0	1	0	0	1	0	0	0	0	0	0
54.819953602	555.0	627.0	0.0	0.0	0.0	1.0	0	0	0	0	1	0	0	0	0	0	0	0	0	0	0	0	0	0	0	0	0	0	1	0	0	1	0	0	0	0	0	1
0.0	565.0	707.0	0.0	0.0	0.0	1.0	0	1	0	0	1	0	0	0	0	0	0	0	0	0	0	0	0	0	0	0	0	0	1	0	0	1	0	0	0	0	0	0
6.586176324	400.0	707.0	0.0	0.0	0.0	1.0	0	0	0	0	0	0	1	0	0	0	0	0	0	0	0	0	0	0	0	0	0	0	1	0	0	0	1	0	0	0	0	1
43.68423825399999	551.0	613.0	0.0	0.0	0.0	1.0	0	0	0	0	0	0	1	0	1	0	0	0	0	0	0	0	0	0	0	0	0	0	1	0	0	1	0	0	0	0	0	0
0.0	285.0	657.0	0.0	0.0	0.0	1.0	0	0	0	0	0	0	1	0	0	0	0	0	0	0	0	0	0	0	0	0	0	0	1	0	0	1	0	0	0	0	0	0
45.49301693		657.0	0.0	0.0	0.0	1.0	0	0	0	0	0	0	1	0	0	0	0	0	0	0	0	0	0	0	0	0	0	0	1	0	0	0	1	0	0	0	0	1
45.49301693		657.0	0.0	0.0	0.0	1.0	0	0	0	0	0	0	1	0	0	0	0	0	0	0	0	0	0	0	0	0	0	0	1	0	0	0	1	0	0	0	0	1
18.085373014		614.0	0.0	0.0	0.0	1.0	0	0	0	0	0	0	1	0	0	0	0	0	0	0	0	0	0	0	0	0	0	0	1	0	0	1	0	0	0	0	0	0
88.519474479		614.0	0.0	0.0	0.0	1.0	0	0	0	0	0	0	1	0	0	0	0	0	0	0	0	0	0	0	0	0	0	0	1	0	0	0	1	0	0	0	0	1
88.519474479	414.0	472.0	0.0	0.0	0.0	1.0	0	0	0	0	0	0	1	0	0	0	0	0	0	0	0	0	0	0	0	0	0	0	1	0	0	1	0	0	0	0	0	0
34.893533698		647.0	0.0	0.0	0.0	1.0	0	0	0	0	0	0	1	0	0	0	0	0	0	0	0	0	0	0	0	0	0	0	1	0	0	1	0	0	0	0	0	0
0.0	496.0	611.0	0.0	0.0	0.0	1.0	0	0	0	0	0	0	1	0	0	0	0	0	0	0	0	0	0	0	0	0	0	0	0	1	0	0	0	0	0	0	0	0
89.83264235600001	330.0	611.0	0.0	0.0	0.0	1.0	0	0	0	0	0	0	1	0	0	0	0	0	0	0	0	0	0	0	0	0	0	0	1	0	0	1	0	0	0	0	0	0
72.78683867699999	506.0	583.0	0.0	0.0	0.0	1.0	0	0	0	0	0	0	1	0	0	0	0	0	0	0	0	0	0	0	0	0	0	0	1	0	0	1	0	0	0	0	0	0
6.586176324	575.0	613.0	0.0	0.0	0.0	1.0	0	0	0	0	0	0	1	0	0	0	0	0	0	0	0	0	0	0	0	0	0	0	1	0	0	1	0	0	0	0	0	0
23.536853263	440.0	611.0	0.0	0.0	0.0	1.0	0	0	0	0	0	0	1	0	0	0	0	0	0	0	0	0	0	0	0	0	0	0	1	0	0	1	0	0	0	0	0	0
94.624263731	479.0	605.0	0.0	0.0	0.0	1.0	0	0	0	0	0	0	1	0	0	0	0	0	0	0	0	0	0	0	0	0	0	0	1	0	0	1	0	0	0	0	0	0
34.893533698	565.0	637.0	0.0	0.0	0.0	1.0	0	0	0	0	0	0	1	0	0	0	0	0	0	0	0	0	0	0	0	0	0	0	1	0	0	1	0	0	0	0	0	0
23.536853263	496.0	561.0	0.0	0.0	0.0	1.0	0	0	0	0	0	0	1	0	0	0	0	0	0	0	0	0	0	0	0	0	0	0	1	0	0	1	0	0	0	0	0	0
0.0	496.0	561.0	0.0	0.0	0.0	1.0	0	0	0	0	0	0	1	0	0	0	0	0	0	0	0	0	0	0	0	0	0	0	1	0	0	0	0	0	0	1	0	0
0.0	487.0	617.0	0.0	0.0	0.0	1.0	0	0	0	0	0	0	1	0	0	0	0	0	0	0	0	0	0	0	0	0	0	0	1	0	0	1	0	0	0	0	0	0
91.03645572200001	559.0	606.0	0.0	0.0	0.0	1.0	0	0	0	0	0	0	1	0	0	0	0	0	0	0	0	0	0	0	0	0	0	0	1	0	0	1	0	0	0	0	0	0
0.0	544.0	533.0	0.0	0.0	0.0	1.0	0	0	0	0	0	0	0	0	0	0	0	0	0	0	0	0	0	0	0	0	0	0	1	0	0	1	0	0	0	0	0	0
0.0	295.0	574.0	0.0	0.0	0.0	1.0	0	0	0	0	0	0	0	0	0	0	0	0	0	0	0	0	0	0	0	0	0	0	1	0	0	1	0	0	0	0	0	0
13.023500809000002	525.0	574.0	0.0	0.0	0.0	1.0	0	0	0	0	0	0	0	0	0	0	0	0	0	0	0	0	0	0	0	0	0	0	1	0	0	1	0	0	0	0	0	0
13.023500809000002	525.0	574.0	0.0	0.0	0.0	1.0	0	0	0	0	0	0	0	0	0	0	0	0	0	0	0	0	0	0	0	0	0	0	1	0	0	1	0	0	0	0	0	0
76.802805964			0.0	0.0	0.0	1.0	0	0	0	0	0	0	0	0	0	0	0	0	0	0	0	0	0	0	0	0	0	0	1	0	0	1	0	0	0	0	0	0
93.405074345		625.0	0.0	0.0	0.0	1.0	0	0	0	0	0	0	1	0	0	0	0	0	0	0	0	0	0	0	0	0	0	0	1	0	0	1	0	0	0	0	0	0
40.419553073	560.0	698.0	0.0	0.0	0.0	1.0	0	0	0	0	1	0	0	0	0	0	0	0	0	0	0	0	0	0	0	0	0	0	1	0	0	0	0	1	0	0	0	1
0.0	641.0	698.0	0.0	0.0	0.0	1.0	0	0	0	0	1	0	0	0	0	0	0	0	0	0	0	0	0	0	0	0	0	0	1	0	0	0	0	1	0	0	0	1
18.444034947000002	641.0	698.0	0.0	0.0	0.0	1.0	0	0	0	0	1	0	0	0	0	0	0	0	0	0	0	0	0	0	0	0	0	0	1	0	0	0	0	1	0	0	0	1
18.444034947000002	641.0	698.0	0.0	0.0	0.0	1.0	0	0	0	0	1	0	0	0	0	0	0	0	0	0	0	0	0	0	0	0	0	0	1	0	0	0	0	1	0	0	0	0
1.936687106	641.0	698.0	0.0	0.0	0.0	1.0	0	0	0	0	1	0	0	0	0	0	0	0	0	0	0	0	0	0	0	0	0	0	1	0	0	0	0	1	0	0	0	1
23.536853263	641.0	698.0	0.0	0.0	0.0	1.0	0	0	0	0	1	0	0	0	0	0	0	0	0	0	0	0	0	0	0	0	0	0	1	0	0	0	0	1	0	0	0	1
37.562508291	641.0	698.0	0.0	0.0	0.0	1.0	1	0	0	0	1	0	0	0	0	0	0	0	0	0	0	0	0	0	0	0	0	0	1	0	0	0	0	1	0	0	0	1
51.611233414		485.0	0.0	0.0	0.0	1.0	1	0	0	0	1	0	0	0	0	0	0	0	0	0	0	0	0	0	0	0	0	0	1	0	0	0	0	1	0	0	0	0
51.611233414	337.0	485.0	0.0	0.0	0.0	1.0	1	0	0	0	1	0	0	0	0	0	0	0	0	0	0	0	0	0	0	0	0	0	1	0	0	0	0	1	0	0	0	1
51.611233414	340.0	739.0	0.0	0.0	0.0	1.0	1	0	0	0	1	0	0	0	0	0	0	0	0	0	0	0	0	0	0	0	0	0	1	0	0	0	0	1	0	0	0	1
23.536853263	529.0	739.0	0.0	0.0	0.0	1.0	0	0	0	0	1	0	0	0	0	0	0	0	0	0	0	0	0	0	0	0	0	0	1	0	0	0	0	1	0	0	0	1
34.893533698	526.0	739.0	0.0	0.0	0.0	1.0	0	0	0	0	1	0	0	0	0	0	0	0	0	0	0	0	0	0	0	0	0	0	1	0	0	0	0	1	0	0	0	1
0.0	526.0	739.0	7.95735e-06	1.5914697222885333e-05	0.0	0.9999840853027772	0	0	0	0	1	0	0	0	0	0	0	0	0	0	0	0	0	0	0	0	0	0	1	0	0	0	0	1	0	0	0	1
90.45023435799999	680.0	739.0	0.0	0.0	0.0	1.0	1	0	0	0	1	0	0	0	0	0	0	0	0	0	0	0	0	0	0	0	0	0	1	0	0	0	0	1	0	0	0	0
0.0	680.0	739.0	4.77833e-05	9.556651030923729e-05	0.0	0.9999044334896908	0	0	0	0	1	0	0	0	0	0	0	0	0	0	0	0	0	0	0	0	0	0	1	0	0	0	0	1	0	0	0	0
80.20073650399999	572.0	627.0	0.0	0.0	0.0	1.0	0	0	0	0	1	0	0	0	0	0	0	0	0	0	0	0	0	0	0	0	0	0	1	0	0	0	0	1	0	0	0	1
71.462046804	489.0	656.0	0.0	0.0	0.0	1.0	1	0	0	0	1	0	0	0	0	0	0	0	0	0	0	0	0	0	0	0	0	0	1	0	0	0	0	1	0	0	0	1
71.462046804	489.0	656.0	0.0	0.0	0.0	1.0	1	0	0	0	1	0	0	0	0	0	0	0	0	0	0	0	0	0	0	0	0	0	1	0	0	0	0	1	0	0	0	1
40.419553073	570.0	656.0	0.0	0.0	0.0	1.0	0	0	0	0	1	0	0	0	0	0	0	0	0	0	0	0	0	0	0	0	0	0	1	0	0	0	0	1	0	0	0	0
29.049413061	594.0	656.0	0.0	0.0	0.0	1.0	0	1	0	0	1	0	0	0	0	0	0	0	0	0	0	0	0	0	0	0	0	0	1	0	0	0	0	1	0	0	0	0
92.75283272700001	594.0	656.0	0.0	0.0	0.0	1.0	0	0	0	0	1	0	0	0	0	0	0	0	0	0	0	0	0	0	0	0	0	0	1	0	0	0	0	1	0	0	0	1
92.75283272700001	594.0	656.0	0.0	0.0	0.0	1.0	1	0	0	0	1	0	0	0	0	0	0	0	0	0	0	0	0	0	0	0	0	0	1	0	0	0	0	1	0	0	0	1
90.45023435799999	502.0	563.0	0.0	0.0	0.0	1.0	0	1	0	0	1	0	0	0	0	0	0	0	0	0	0	0	0	0	0	0	0	0	1	0	0	0	0	1	0	0	0	1
90.45023435799999	502.0	563.0	0.0	0.0	0.0	1.0	0	1	0	0	1	0	0	0	0	0	0	0	0	0	0	0	0	0	0	0	0	0	1	0	0	0	0	1	0	0	0	1
0.0	520.0	467.0	0.000227496	0.0004549917383079097	0.0	0.999545008261692	0	0	0	0	1	0	0	0	0	0	0	0	0	0	0	0	0	0	0	0	0	0	1	0	0	0	0	1	0	0	0	0
29.049413061	385.0	707.0	0.0	0.0	0.0	1.0	0	0	0	0	0	0	0	0	0	0	0	0	0	0	0	0	0	0	0	0	0	0	1	0	0	0	0	1	0	0	0	0
0.0	445.0	707.0	6.36639e-05	0.0001273277096928219	0.0	0.9998726722903072	0	0	0	0	0	0	0	1	0	0	0	0	0	0	0	0	0	0	0	0	0	0	1	0	0	0	0	1	0	0	0	0
0.0	394.0	707.0	1.59747e-05	3.1949392162814106e-05	0.0	0.9999680506078372	0	0	0	0	0	0	1	0	0	0	0	0	0	0	0	0	0	0	0	0	0	0	1	0	0	0	0	1	0	0	0	0
91.206998947		565.0	0.0	0.0	0.0	1.0	0	0	0	0	0	0	1	0	0	0	0	0	0	0	0	0	0	0	0	0	0	0	1	0	0	0	0	1	0	0	0	1
88.519474479	434.0	614.0	0.0	0.0	0.0	1.0	0	0	0	0	0	0	1	0	0	0	0	0	0	0	0	0	0	0	0	0	0	0	1	0	0	0	0	1	0	0	0	1
0.0	368.0	633.0	0.000465405	0.0009148985258200275	7.955639354956763e-06	0.9990771458348249	0	0	0	0	0	0	1	0	0	0	0	0	0	0	0	0	0	0	0	0	0	0	1	0	0	0	0	1	0	0	0	0
93.258357279	493.0	482.0	0.0	0.0	0.0	1.0	0	0	0	0	0	0	1	0	0	0	0	0	0	0	0	0	0	0	0	0	0	0	1	0	0	0	0	0	0	0	1	0
11.487689946	359.0	611.0	0.0	0.0	0.0	1.0	0	0	0	0	0	0	1	0	0	0	0	0	0	0	0	0	0	0	0	0	0	0	1	0	0	0	0	1	0	0	0	0
0.0	535.0	673.0	0.000683885	0.0013197782772494222	2.399596867726222e-05	0.9986562257540732	0	0	0	0	0	0	1	0	0	0	0	0	0	0	0	0	0	0	0	0	0	0	1	0	0	0	0	1	0	0	0	1
0.0	521.0	594.0	0.00100208	0.001972355214811752	1.5906090442030255e-05	0.9980117386947462	0	0	0	0	0	0	1	0	0	0	0	0	0	0	0	0	0	0	0	0	0	0	1	0	0	0	0	1	0	0	0	1
6.586176324	544.0	578.0	0.0	0.0	0.0	1.0	0	0	0	0	0	0	1	0	0	0	0	0	0	0	0	0	0	0	0	0	0	0	1	0	0	0	0	1	0	0	0	1
0.0	544.0	578.0	1.98845e-05	3.976902152299445e-05	0.0	0.999960230978477	0	0	0	0	0	0	1	0	0	0	0	0	0	0	0	0	0	0	0	0	0	0	1	0	0	0	0	1	0	0	0	0
0.0	356.0		9.244539999999999e-06	1.848907295788189e-05	0.0	0.999981510927042	0	0	0	0	0	0	0	0	0	0	0	0	0	0	0	0	0	0	0	0	0	0	1	0	0	0	0	1	0	0	0	1
23.536853263	544.0	493.0	0.0	0.0	0.0	1.0	0	0	0	1	0	0	0	0	0	0	0	0	0	0	0	0	0	0	0	0	0	0	1	0	0	0	0	1	0	0	0	0
20.446046889	766.0	728.0	0.0	0.0	0.0	1.0	0	0	0	0	0	0	0	0	0	0	0	0	0	0	0	0	0	0	0	0	0	0	1	0	0	0	0	0	1	0	0	0
20.446046889	766.0	728.0	0.0	0.0	0.0	1.0	0	0	0	0	0	0	0	0	0	0	0	0	0	0	0	0	0	0	0	0	0	0	1	0	0	0	0	0	1	0	0	0
14.157347827	641.0	698.0	0.0	0.0	0.0	1.0	1	0	0	0	1	0	0	0	0	0	0	0	0	0	0	0	0	0	0	0	0	1	1	0	0	0	0	0	0	1	0	1
34.893533698	526.0	739.0	0.0	0.0	0.0	1.0	0	0	0	0	1	0	0	0	0	0	0	0	0	0	0	0	0	0	0	0	0	1	1	0	0	0	0	0	0	1	0	0
68.865165245	680.0	739.0	0.0	0.0	0.0	1.0	0	1	0	0	1	0	0	0	0	0	0	0	0	0	0	0	0	0	0	0	0	1	1	0	0	0	0	0	0	1	0	0
0.0	466.0	739.0	0.0	0.0	0.0	1.0	0	0	0	0	1	0	0	0	0	0	0	0	0	0	0	0	0	0	0	0	0	1	1	0	0	0	0	0	0	1	0	0
54.819953602	555.0	627.0	0.0	0.0	0.0	1.0	0	0	0	0	1	0	0	0	0	0	0	0	0	0	0	0	0	0	0	0	0	1	1	0	0	0	0	0	0	1	0	0
80.20073650399999	572.0	627.0	0.0	0.0	0.0	1.0	1	0	0	0	1	0	0	0	0	0	0	0	0	0	0	0	0	0	0	0	0	1	1	0	0	0	0	0	0	1	0	0
92.75283272700001	594.0	656.0	0.0	0.0	0.0	1.0	0	0	0	0	1	0	0	0	0	0	0	0	0	0	0	0	0	0	0	0	0	1	1	0	0	0	0	0	0	1	0	0
92.75283272700001	594.0	656.0	0.0	0.0	0.0	1.0	1	0	0	0	1	0	0	0	0	0	0	0	0	0	0	0	0	0	0	0	0	1	1	0	0	0	0	0	0	1	0	0
92.75283272700001	594.0	656.0	0.0	0.0	0.0	1.0	1	0	0	0	1	0	0	0	0	0	0	0	0	0	0	0	0	0	0	0	0	1	1	0	0	0	0	0	0	1	0	0
90.45023435799999	499.0	563.0	0.0	0.0	0.0	1.0	0	0	0	0	1	0	0	0	0	0	0	0	0	0	0	0	0	0	0	0	0	1	1	0	0	0	0	0	0	1	0	0
90.45023435799999	499.0	563.0	0.0	0.0	0.0	1.0	0	0	0	0	1	0	0	0	0	0	0	0	0	0	0	0	0	0	0	0	0	1	1	0	0	0	0	0	0	1	0	0
86.80917429600001	565.0	707.0	0.0	0.0	0.0	1.0	0	1	0	0	1	0	0	0	0	0	0	0	0	0	0	0	0	0	0	0	0	1	1	0	0	0	0	0	0	1	0	0
96.496167781	556.0	586.0	0.0	0.0	0.0	1.0	0	0	0	0	0	0	1	0	0	0	0	0	0	0	0	0	0	0	0	0	0	1	1	0	0	0	0	0	0	1	0	0
95.774901864	400.0	590.0	0.0	0.0	0.0	1.0	0	0	0	0	0	0	1	0	0	0	0	0	0	0	0	0	0	0	0	0	0	1	1	0	0	0	0	0	0	1	0	0
0.0	320.0	566.0	0.0	0.0	0.0	1.0	0	0	0	0	0	0	1	0	0	0	0	0	0	0	0	0	0	0	0	0	0	1	1	0	0	0	0	0	0	1	0	0
0.0	598.0	625.0	0.0	0.0	0.0	1.0	0	0	0	0	0	0	1	0	0	0	0	0	0	0	0	0	0	0	0	0	0	1	1	0	0	0	0	0	0	1	0	0
0.0	532.0	647.0	0.0	0.0	0.0	1.0	0	0	0	0	0	0	1	0	0	0	0	0	0	0	0	0	0	0	0	0	0	1	1	0	0	0	0	0	0	1	0	0
64.33106693	327.0	419.0	0.0	0.0	0.0	1.0	0	0	0	0	0	0	1	0	0	0	0	0	0	0	0	0	0	0	0	0	0	1	1	0	0	0	0	0	0	1	0	0
45.49301693		502.0	3.995619999999999e-06	7.99124159920727e-06	0.0	0.9999920087584008	0	0	0	0	0	0	1	0	0	0	0	0	0	0	0	0	0	0	0	0	0	1	1	0	0	0	0	0	0	1	0	0
94.624263731	464.0	605.0	0.0	0.0	0.0	1.0	0	0	0	0	0	0	1	0	0	0	0	0	0	0	0	0	0	0	0	0	0	1	1	0	0	0	0	0	0	1	0	0
80.20073650399999	535.0	673.0	0.0	0.0	0.0	1.0	0	0	0	0	0	0	1	0	0	0	0	0	0	0	0	0	0	0	0	0	0	1	1	0	0	0	0	0	0	1	0	0
0.0	513.0	637.0	0.0	0.0	0.0	1.0	0	0	0	0	0	0	1	0	0	0	0	0	0	0	0	0	0	0	0	0	0	1	1	0	0	0	0	0	0	1	0	0
0.0	484.0	610.0	4.1232e-06	8.246402506906362e-06	0.0	0.9999917535974929	0	0	0	0	0	0	1	0	0	0	0	0	0	0	0	0	0	0	0	0	0	1	1	0	0	0	0	0	0	1	0	0
65.85821336800001	458.0	528.0	0.0	0.0	0.0	1.0	0	0	0	0	0	0	0	0	0	0	0	0	0	0	0	0	0	0	0	0	0	1	1	0	0	0	0	0	0	1	0	0
11.487689946	354.0	309.0	0.0	0.0	0.0	1.0	0	0	0	1	0	0	0	0	0	0	0	0	0	0	0	0	0	0	0	0	0	1	1	0	0	0	0	0	0	1	0	0
0.0			0.0	0.0	0.0	1.0	0	0	0	0	0	0	0	0	0	0	0	0	0	0	0	0	0	0	0	0	0	1	1	0	0	0	0	0	0	1	0	0
